0.0
0.0
0.0
0.0
0.0
0.0
0.0
0.0
0.0
0.0
0.0
0.0
0.0
0.0
0.0
0.0
0.0
0.0
0.0
0.0
0.0
0.0
0.0
0.0
0.0
0.0
0.0
0.0
0.0
0.0
0.0
0.0
148.01630434782734
113.85869565217253
-130.93749999999974
-130.9375000000001
-148.01630434782734
-113.85869565217253
113.85869565217253
148.01630434782734
1.1879386363489175e-14
-2.4397150966137815e-14
1.8540724511240114e-14
6.38378239159465e-16
-1.3766765505351941e-14
0.0
-9.325873406851315e-15
-1.554312234475219e-14
3.552713678800501e-15
-2.842170943040401e-14
0.0
0.0
1.0658141036401503e-14
-7.105427357601002e-15
-1.4210854715202004e-14
-1.4210854715202004e-14
-1.9095836023552692e-14
0.0
0.0
0.0
0.0
0.0
0.0
0.0
0.0
0.0
0.0
0.0
0.0
0.0
0.0
0.0
0.0
0.0
0.0
0.0
0.0
0.0
0.0
0.0
0.0
0.0
0.0
0.0
0.0
0.0
0.0
0.0
0.0
0.0
0.0
0.0
0.0
0.0
0.0
0.0
0.0
0.0
0.0
0.0
0.0
0.0
0.0
0.0
0.0
0.0
0.0
0.0
0.0
0.0
0.0
0.0
0.0
0.0
0.0
0.0
0.0
0.0
0.0
0.0
0.0
0.0
0.0
0.0
0.0
0.0
0.0
0.0
0.0
0.0
0.0
0.0
0.0
0.0
0.0
0.0
0.0
0.0
0.0
0.0
0.0
0.0
0.0
0.0
0.0
0.0
0.0
0.0
0.0
0.0
0.0
0.0
261.8749999999999
-261.8749999999999
0.0
0.0
-9.325873406851315e-15
261.87499999999983
2.842170943040401e-14
0.0
2.842170943040401e-14
0.0
-4.440892098500626e-15
2.842170943040401e-14
1.354472090042691e-14
2.842170943040401e-14
8.881784197001252e-15
1.9984014443252818e-14
0.0
4.884981308350689e-15
-8.43769498715119e-15
-8.881784197001252e-15
0.0
2.842170943040401e-14
7.105427357601002e-15
5.684341886080802e-14
3.1530333899354446e-14
-9.769962616701378e-15
-2.1316282072803006e-14
-2.842170943040401e-14
-1.4210854715202004e-14
-8.43769498715119e-15
-1.4210854715202004e-14
2.220446049250313e-15
-1.7763568394002505e-14
2.842170943040401e-14
-2.842170943040401e-14
0.0
-2.842170943040401e-14
0.0
-1.4654943925052066e-14
-1.4210854715202004e-14
-2.1316282072803006e-14
-7.105427357601002e-15
2.930988785010413e-14
2.842170943040401e-14
2.6645352591003757e-15
-8.881784197001252e-15
-1.1546319456101628e-14
-8.881784197001252e-15
-1.4210854715202004e-14
-1.0658141036401503e-14
0.0
-6.217248937900877e-15
-2.842170943040401e-14
0.0
0.0
0.0
0.0
0.0
0.0
0.0
0.0
0.0
0.0
0.0
0.0
0.0
0.0
0.0
0.0
0.0
0.0
0.0
0.0
0.0
0.0
0.0
0.0
0.0
0.0
0.0
0.0
0.0
0.0
0.0
0.0
0.0
0.0
0.0
0.0
0.0
0.0
0.0
0.0
0.0
0.0
0.0
0.0
0.0
-2.842170943040401e-14
-1.4210854715202004e-14
5.329070518200751e-15
0.0
2.842170943040401e-14
0.0
0.0
-7.105427357601002e-15
-1.4210854715202004e-14
-1.3322676295501878e-15
2.842170943040401e-14
-5.2735593669694936e-15
7.993605777301127e-15
6.661338147750939e-16
-1.6431300764452317e-14
-1.4210854715202004e-14
1.4210854715202004e-14
-1.7763568394002505e-14
-7.105427357601002e-15
0.0
2.1316282072803006e-14
-3.552713678800501e-15
3.552713678800501e-15
2.1316282072803006e-14
1.4210854715202004e-14
1.4210854715202004e-14
-1.4210854715202004e-14
0.0
0.0
0.0
0.0
0.0
0.0
0.0
0.0
0.0
0.0
0.0
0.0
0.0
0.0
0.0
0.0
0.0
0.0
0.0
0.0
0.0
0.0
0.0
0.0
0.0
0.0
0.0
0.0
0.0
0.0
0.0
0.0
0.0
0.0
0.0
0.0
0.0
0.0
0.0
0.0
0.0
0.0
0.0
0.0
0.0
0.0
0.0
0.0
0.0
0.0
0.0
0.0
0.0
0.0
0.0
1.4210854715202004e-14
0.0
-2.842170943040401e-14
-2.842170943040401e-14
5.946632075648495e-15
-1.4210854715202004e-14
0.0
0.0
-1.4210854715202004e-14
1.4210854715202004e-14
0.0
0.0
0.0
0.0
0.0
-261.8749999999999
2.1316282072803006e-14
0.0
0.0
0.0
0.0
0.0
0.0
2.1316282072803006e-14
2.1316282072803006e-14
2.842170943040401e-14
2.842170943040401e-14
2.1316282072803006e-14
0.0
0.0
0.0
0.0
0.0
0.0
0.0
0.0
0.0
0.0
0.0
0.0
0.0
0.0
0.0
0.0
0.0
0.0
0.0
0.0
0.0
0.0
0.0
0.0
0.0
0.0
0.0
0.0
0.0
0.0
0.0
0.0
0.0
0.0
0.0
0.0
0.0
0.0
0.0
0.0
0.0
0.0
0.0
0.0
0.0
0.0
0.0
0.0
0.0
2.842170943040401e-14
0.0
0.0
0.0
0.0
0.0
0.0
0.0
0.0
0.0
0.0
0.0
0.0
0.0
0.0
0.0
0.0
0.0
0.0
0.0
0.0
0.0
0.0
0.0
0.0
0.0
0.0
0.0
0.0
0.0
0.0
0.0
0.0
0.0
0.0
0.0
0.0
0.0
0.0
0.0
0.0
0.0
0.0
0.0
0.0
0.0
0.0
0.0
0.0
0.0
0.0
0.0
0.0
0.0
0.0
0.0
0.0
0.0
0.0
0.0
0.0
0.0
0.0
0.0
0.0
0.0
0.0
0.0
0.0
0.0
0.0
0.0
0.0
0.0
0.0
0.0
0.0
0.0
0.0
0.0
0.0
0.0
0.0
0.0
0.0
0.0
0.0
0.0
0.0
0.0
0.0
0.0
0.0
0.0
0.0
0.0
0.0
0.0
0.0
0.0
0.0
0.0
0.0
0.0
0.0
0.0
0.0
0.0
0.0
0.0
0.0
0.0
0.0
0.0
0.0
0.0
0.0
0.0
0.0
0.0
0.0
0.0
0.0
0.0
0.0
0.0
0.0
0.0
0.0
0.0
0.0
0.0
0.0
0.0
0.0
0.0
0.0
0.0
0.0
0.0
0.0
0.0
0.0
0.0
0.0
0.0
0.0
0.0
0.0
0.0
0.0
0.0
0.0
296.0326086956503
227.71739130435014
-261.8750000000002
-296.0326086956503
-227.71739130435014
0.0
0.0
0.0
-1.2212453270876722e-14
-1.1102230246251565e-14
296.0326086956503
227.71739130435014
0.0
2.842170943040401e-14
0.0
5.684341886080802e-14
2.842170943040401e-14
0.0
0.0
2.9976021664879227e-15
2.3092638912203256e-14
3.730349362740526e-14
1.3704315460216776e-14
0.0
6.2727600891321345e-15
0.0
2.631228568361621e-14
2.1316282072803006e-14
8.881784197001252e-15
-7.549516567451064e-15
-3.086420008457935e-14
-1.4210854715202004e-14
-2.842170943040401e-14
2.3869795029440866e-14
0.0
1.4210854715202004e-14
1.7763568394002505e-14
3.197442310920451e-14
3.26405569239796e-14
4.440892098500626e-16
0.0
0.0
0.0
0.0
-1.5987211554602254e-14
0.0
1.1390194343263715e-14
0.0
-1.4210854715202004e-14
-4.884981308350689e-15
0.0
-1.4210854715202004e-14
1.4210854715202004e-14
2.842170943040401e-14
0.0
0.0
0.0
0.0
0.0
-5.329070518200751e-15
0.0
0.0
0.0
-1.4210854715202004e-14
-2.4868995751603507e-14
5.329070518200751e-15
2.842170943040401e-14
2.3092638912203256e-14
1.1879386363489175e-14
-1.4210854715202004e-14
-1.4210854715202004e-14
-5.218048215738236e-15
-1.4210854715202004e-14
0.0
-1.0658141036401503e-14
-1.4210854715202004e-14
0.0
-8.659739592076221e-15
-3.805115944555126e-15
-1.8207657603852567e-14
-7.105427357601002e-15
0.0
-261.8750000000002
2.842170943040401e-14
0.0
0.0
0.0
0.0
0.0
0.0
1.4210854715202004e-14
1.4210854715202004e-14
1.4210854715202004e-14
2.842170943040401e-14
1.4210854715202004e-14
0.0
2.842170943040401e-14
0.0
0.0
0.0
0.0
0.0
0.0
0.0
0.0
0.0
0.0
0.0
0.0
0.0
0.0
0.0
0.0
0.0
0.0
0.0
0.0
0.0
0.0
0.0
0.0
0.0
0.0
0.0
0.0
0.0
0.0
0.0
0.0
0.0
0.0
0.0
0.0
0.0
0.0
0.0
0.0
0.0
0.0
0.0
0.0
0.0
0.0
0.0
0.0
0.0
0.0
0.0
0.0
0.0
0.0
0.0
0.0
0.0
0.0
0.0
2.842170943040401e-14
2.842170943040401e-14
0.0
0.0
0.0
-2.842170943040401e-14
0.0
0.0
0.0
0.0
-2.842170943040401e-14
0.0
0.0
0.0
0.0
0.0
0.0
0.0
0.0
0.0
2.842170943040401e-14
0.0
-2.842170943040401e-14
0.0
0.0
0.0
0.0
-1.4210854715202004e-14
0.0
0.0
0.0
0.0
0.0
0.0
0.0
0.0
0.0
0.0
0.0
0.0
0.0
0.0
0.0
0.0
0.0
0.0
0.0
0.0
0.0
0.0
0.0
0.0
0.0
0.0
0.0
0.0
0.0
0.0
0.0
0.0
0.0
0.0
0.0
0.0
0.0
0.0
0.0
0.0
0.0
0.0
0.0
0.0
0.0
0.0
0.0
0.0
0.0
0.0
0.0
0.0
0.0
0.0
0.0
0.0
0.0
0.0
0.0
0.0
0.0
0.0
0.0
0.0
0.0
0.0
0.0
0.0
0.0
0.0
0.0
0.0
0.0
0.0
0.0
0.0
0.0
0.0
0.0
0.0
0.0
0.0
0.0
0.0
0.0
0.0
0.0
0.0
0.0
0.0
0.0
0.0
0.0
0.0
0.0
0.0
0.0
0.0
0.0
0.0
0.0
0.0
0.0
0.0
0.0
0.0
0.0
0.0
0.0
0.0
0.0
0.0
0.0
0.0
0.0
0.0
0.0
0.0
0.0
0.0
0.0
0.0
0.0
0.0
0.0
0.0
0.0
0.0
0.0
0.0
0.0
0.0
0.0
0.0
0.0
0.0
0.0
0.0
0.0
4.263256414560601e-14
-2.842170943040401e-14
0.0
-1.4210854715202004e-14
2.842170943040401e-14
0.0
3.552713678800501e-15
5.329070518200751e-15
-2.6645352591003757e-14
0.0
0.0
-2.842170943040401e-14
0.0
2.842170943040401e-14
2.842170943040401e-14
0.0
0.0
1.4210854715202004e-14
0.0
0.0
0.0
0.0
0.0
0.0
0.0
0.0
0.0
0.0
0.0
0.0
2.842170943040401e-14
-5.684341886080802e-14
-2.1316282072803006e-14
-1.4210854715202004e-14
-2.842170943040401e-14
1.4210854715202004e-14
0.0
-5.684341886080802e-14
0.0
1.4210854715202004e-14
-3.1086244689504383e-15
3.108624468950438e-14
-6.217248937900877e-15
0.0
8.881784197001252e-16
7.549516567451064e-15
-1.1712852909795402e-14
-1.5182299861749016e-14
1.3322676295501878e-15
2.4424906541753444e-14
-6.439293542825908e-15
-1.2490009027033011e-14
2.1094237467877974e-14
-1.021405182655144e-14
-9.520162436160717e-15
7.327471962526033e-15
-1.27675647831893e-14
-3.1086244689504383e-15
-8.326672684688674e-15
-1.4876988529977098e-14
8.049116928532385e-15
-1.687538997430238e-14
-3.1530333899354446e-14
-3.3306690738754696e-16
3.552713678800501e-15
-1.4210854715202004e-14
1.7763568394002505e-15
-1.0658141036401503e-14
2.4868995751603507e-14
-1.4210854715202004e-14
0.0
0.0
-1.4210854715202004e-14
-1.4210854715202004e-14
3.2862601528904634e-14
-2.220446049250313e-15
0.0
1.4210854715202004e-14
4.440892098500626e-15
3.552713678800501e-15
8.881784197001252e-15
-1.9539925233402755e-14
-1.7763568394002505e-15
-2.0872192862952943e-14
-1.5987211554602254e-14
-1.4210854715202004e-14
2.842170943040401e-14
-1.4210854715202004e-14
1.4210854715202004e-14
-1.4210854715202004e-14
2.042810365310288e-14
0.0
-2.6645352591003757e-14
-3.552713678800501e-15
0.0
-7.993605777301127e-15
2.5757174171303632e-14
-1.4210854715202004e-14
0.0
0.0
1.509903313490213e-14
1.4210854715202004e-14
2.842170943040401e-14
-8.881784197001252e-15
-1.4210854715202004e-14
-7.105427357601002e-15
0.0
1.7763568394002505e-15
0.0
0.0
-1.4210854715202004e-14
2.842170943040401e-14
-1.4210854715202004e-14
-2.7422508708241367e-14
1.4210854715202004e-14
0.0
-1.1546319456101628e-14
2.842170943040401e-14
2.842170943040401e-14
0.0
-1.4210854715202004e-14
0.0
0.0
0.0
1.4210854715202004e-14
0.0
1.4210854715202004e-14
0.0
0.0
0.0
0.0
0.0
0.0
0.0
0.0
0.0
0.0
0.0
0.0
0.0
0.0
0.0
0.0
0.0
0.0
0.0
0.0
0.0
0.0
0.0
0.0
0.0
0.0
0.0
0.0
0.0
0.0
0.0
0.0
0.0
0.0
0.0
0.0
0.0
0.0
0.0
0.0
0.0
0.0
0.0
0.0
0.0
0.0
0.0
0.0
0.0
0.0
0.0
0.0
0.0
0.0
0.0
0.0
0.0
0.0
0.0
0.0
0.0
0.0
0.0
0.0
0.0
0.0
0.0
0.0
0.0
0.0
0.0
0.0
0.0
0.0
0.0
0.0
0.0
0.0
0.0
0.0
0.0
0.0
0.0
0.0
0.0
0.0
0.0
0.0
0.0
0.0
0.0
0.0
0.0
0.0
0.0
0.0
0.0
0.0
0.0
0.0
0.0
0.0
0.0
0.0
0.0
0.0
0.0
0.0
0.0
0.0
0.0
0.0
0.0
0.0
0.0
0.0
0.0
0.0
0.0
0.0
0.0
0.0
0.0
0.0
0.0
0.0
0.0
0.0
0.0
0.0
0.0
0.0
0.0
0.0
0.0
0.0
0.0
0.0
0.0
0.0
0.0
0.0
0.0
0.0
0.0
0.0
0.0
0.0
0.0
0.0
0.0
0.0
0.0
0.0
0.0
0.0
0.0
0.0
0.0
0.0
0.0
0.0
0.0
0.0
0.0
0.0
0.0
0.0
0.0
0.0
0.0
0.0
0.0
0.0
0.0
0.0
0.0
0.0
0.0
0.0
0.0
0.0
0.0
0.0
0.0
0.0
0.0
0.0
0.0
0.0
0.0
0.0
0.0
0.0
0.0
0.0
0.0
0.0
0.0
0.0
0.0
0.0
0.0
0.0
0.0
0.0
0.0
0.0
0.0
0.0
0.0
0.0
0.0
0.0
0.0
0.0
0.0
0.0
0.0
0.0
0.0
0.0
0.0
0.0
0.0
0.0
0.0
0.0
0.0
0.0
-2.842170943040401e-14
-4.263256414560601e-14
-5.3290705182007514e-14
-2.842170943040401e-14
-2.842170943040401e-14
0.0
-1.4210854715202004e-14
0.0
0.0
0.0
0.0
0.0
-1.4210854715202004e-14
5.773159728050814e-15
1.4210854715202004e-14
0.0
-1.4210854715202004e-14
-1.4210854715202004e-14
0.0
-1.4210854715202004e-14
0.0
4.218847493575595e-15
2.1871393585115584e-14
1.2878587085651816e-14
4.3520742565306136e-14
1.021405182655144e-14
0.0
0.0
0.0
-2.842170943040401e-14
-1.4210854715202004e-14
0.0
0.0
0.0
0.0
0.0
0.0
0.0
0.0
0.0
0.0
0.0
-7.105427357601002e-15
0.0
1.4210854715202004e-14
0.0
3.197442310920451e-14
0.0
-1.4210854715202004e-14
2.842170943040401e-14
-1.4210854715202004e-14
1.4210854715202004e-14
3.197442310920451e-14
2.1316282072803006e-14
0.0
0.0
0.0
0.0
0.0
0.0
0.0
0.0
0.0
0.0
0.0
0.0
0.0
0.0
0.0
0.0
0.0
0.0
0.0
0.0
0.0
0.0
0.0
0.0
0.0
0.0
0.0
0.0
0.0
0.0
0.0
1.4210854715202004e-14
0.0
1.4210854715202004e-14
0.0
1.4210854715202004e-14
1.4210854715202004e-14
0.0
1.4210854715202004e-14
0.0
0.0
0.0
0.0
0.0
0.0
0.0
0.0
0.0
0.0
0.0
0.0
0.0
0.0
0.0
0.0
0.0
0.0
0.0
0.0
0.0
0.0
0.0
0.0
0.0
0.0
0.0
0.0
0.0
0.0
0.0
0.0
0.0
0.0
0.0
0.0
0.0
0.0
0.0
0.0
0.0
0.0
0.0
0.0
0.0
0.0
0.0
0.0
0.0
0.0
0.0
0.0
0.0
0.0
0.0
0.0
0.0
0.0
0.0
0.0
0.0
0.0
0.0
0.0
0.0
0.0
0.0
0.0
0.0
0.0
0.0
0.0
0.0
0.0
0.0
0.0
0.0
0.0
0.0
0.0
0.0
0.0
0.0
0.0
0.0
0.0
0.0
0.0
0.0
0.0
0.0
0.0
0.0
0.0
0.0
0.0
0.0
0.0
0.0
0.0
0.0
0.0
0.0
0.0
0.0
0.0
0.0
0.0
0.0
0.0
0.0
0.0
0.0
0.0
0.0
0.0
0.0
0.0
0.0
0.0
0.0
0.0
0.0
0.0
0.0
0.0
0.0
0.0
0.0
0.0
0.0
0.0
0.0
0.0
0.0
0.0
0.0
0.0
0.0
0.0
0.0
0.0
0.0
0.0
0.0
0.0
0.0
0.0
0.0
0.0
0.0
0.0
0.0
0.0
0.0
0.0
0.0
0.0
0.0
0.0
0.0
0.0
0.0
0.0
0.0
0.0
0.0
0.0
0.0
0.0
0.0
0.0
0.0
0.0
0.0
0.0
0.0
0.0
0.0
0.0
0.0
0.0
0.0
0.0
0.0
0.0
0.0
0.0
0.0
0.0
0.0
0.0
0.0
0.0
0.0
0.0
0.0
0.0
0.0
0.0
0.0
0.0
0.0
0.0
0.0
0.0
0.0
0.0
0.0
0.0
0.0
0.0
0.0
0.0
0.0
0.0
0.0
0.0
0.0
0.0
0.0
0.0
0.0
0.0
0.0
0.0
0.0
0.0
0.0
0.0
0.0
0.0
0.0
0.0
0.0
-2.842170943040401e-14
0.0
0.0
0.0
0.0
0.0
0.0
0.0
0.0
0.0
0.0
0.0
0.0
0.0
0.0
0.0
0.0
0.0
0.0
0.0
0.0
0.0
0.0
0.0
0.0
0.0
0.0
0.0
0.0
0.0
0.0
0.0
0.0
0.0
0.0
0.0
0.0
0.0
0.0
0.0
0.0
0.0
0.0
0.0
0.0
0.0
0.0
0.0
0.0
0.0
0.0
0.0
0.0
0.0
0.0
0.0
0.0
0.0
0.0
0.0
0.0
0.0
0.0
0.0
0.0
0.0
0.0
0.0
0.0
0.0
0.0
0.0
0.0
0.0
0.0
0.0
0.0
0.0
0.0
0.0
0.0
0.0
0.0
0.0
0.0
0.0
0.0
0.0
0.0
0.0
0.0
0.0
0.0
0.0
0.0
0.0
0.0
0.0
0.0
0.0
0.0
0.0
0.0
0.0
0.0
0.0
0.0
0.0
0.0
0.0
0.0
0.0
0.0
0.0
0.0
0.0
0.0
0.0
0.0
0.0
0.0
0.0
0.0
0.0
0.0
0.0
0.0
0.0
0.0
0.0
0.0
0.0
0.0
0.0
0.0
0.0
0.0
0.0
0.0
0.0
0.0
0.0
0.0
0.0
0.0
0.0
0.0
0.0
0.0
0.0
0.0
0.0
0.0
0.0
0.0
0.0
0.0
0.0
0.0
0.0
0.0
0.0
0.0
0.0
0.0
0.0
0.0
0.0
0.0
0.0
0.0
0.0
0.0
0.0
0.0
0.0
0.0
0.0
0.0
0.0
0.0
0.0
0.0
0.0
0.0
0.0
0.0
0.0
0.0
0.0
0.0
0.0
0.0
0.0
0.0
0.0
0.0
0.0
0.0
0.0
0.0
0.0
0.0
0.0
0.0
0.0
0.0
0.0
0.0
0.0
0.0
0.0
0.0
0.0
0.0
0.0
0.0
0.0
0.0
0.0
0.0
0.0
0.0
0.0
0.0
0.0
0.0
0.0
0.0
0.0
0.0
0.0
0.0
0.0
0.0
0.0
0.0
0.0
296.0326086956503
227.71739130434543
-261.8749999999999
-296.0326086956503
-227.71739130434543
-1.1546319456101628e-14
-2.3092638912203256e-14
-2.6645352591003757e-14
-3.0753177782116836e-14
-9.769962616701378e-15
296.0326086956503
227.71739130434543
0.0
-7.993605777301127e-15
1.7763568394002505e-15
1.4210854715202004e-14
1.2434497875801753e-14
0.0
0.0
1.837419105754634e-14
3.2862601528904634e-14
6.394884621840902e-14
3.11972669919669e-14
7.105427357601002e-15
1.8207657603852567e-14
0.0
-1.3322676295501878e-15
-8.881784197001252e-16
5.3290705182007514e-14
2.7533531010703882e-14
5.551115123125783e-17
-4.440892098500626e-16
-1.2434497875801753e-14
1.149080830487037e-14
1.0658141036401503e-14
7.105427357601002e-15
-7.105427357601002e-15
-7.105427357601002e-15
1.5543122344752192e-15
-1.990074771640593e-14
-1.0658141036401503e-14
-1.4210854715202004e-14
-1.7763568394002505e-14
-2.842170943040401e-14
-7.105427357601002e-15
-3.552713678800501e-14
-2.6201263381153694e-14
-2.0650148258027912e-14
-1.2878587085651816e-14
-1.9095836023552692e-14
-1.687538997430238e-14
-1.9539925233402755e-14
8.881784197001252e-15
3.552713678800501e-14
7.105427357601002e-15
2.4424906541753444e-14
-5.329070518200751e-15
-7.105427357601002e-15
-1.0658141036401503e-14
-2.842170943040401e-14
1.3322676295501878e-15
-9.769962616701378e-15
-1.2434497875801753e-14
-2.1316282072803006e-14
-2.6645352591003757e-15
1.9539925233402755e-14
0.0
1.7763568394002505e-14
2.353672812205332e-14
-1.7763568394002505e-14
-1.5987211554602254e-14
-8.881784197001252e-16
-1.4210854715202004e-14
-1.9539925233402755e-14
-5.329070518200751e-15
-7.577272143066693e-15
-7.549516567451064e-15
-1.9984014443252818e-14
-1.6431300764452317e-14
-9.325873406851315e-15
-3.197442310920451e-14
-1.887379141862766e-14
-261.8750000000002
2.4868995751603507e-14
0.0
0.0
0.0
0.0
0.0
0.0
2.842170943040401e-14
2.1316282072803006e-14
2.842170943040401e-14
2.842170943040401e-14
2.1316282072803006e-14
0.0
-7.993605777301127e-15
0.0
0.0
0.0
0.0
0.0
0.0
0.0
0.0
0.0
0.0
0.0
0.0
0.0
0.0
0.0
0.0
0.0
0.0
0.0
0.0
0.0
0.0
0.0
0.0
0.0
0.0
0.0
0.0
0.0
0.0
0.0
0.0
0.0
0.0
0.0
0.0
0.0
0.0
0.0
0.0
0.0
0.0
0.0
0.0
0.0
0.0
0.0
0.0
0.0
0.0
0.0
0.0
0.0
0.0
0.0
0.0
0.0
0.0
0.0
0.0
0.0
0.0
0.0
0.0
0.0
0.0
0.0
0.0
0.0
0.0
0.0
0.0
0.0
0.0
0.0
0.0
0.0
0.0
0.0
0.0
0.0
0.0
0.0
0.0
0.0
0.0
0.0
0.0
0.0
0.0
0.0
0.0
0.0
0.0
0.0
0.0
0.0
0.0
0.0
0.0
0.0
0.0
0.0
0.0
0.0
0.0
0.0
0.0
0.0
0.0
0.0
0.0
0.0
0.0
0.0
0.0
0.0
0.0
0.0
0.0
0.0
0.0
0.0
0.0
0.0
0.0
0.0
0.0
0.0
0.0
0.0
0.0
0.0
296.0326086956543
227.71739130435014
-261.8749999999999
-296.0326086956543
-227.71739130435014
-1.0658141036401503e-14
-3.552713678800501e-15
-1.5987211554602254e-14
-2.6645352591003757e-15
-1.9095836023552692e-14
296.0326086956543
227.71739130435014
0.0
1.0436096431476471e-14
2.1316282072803006e-14
3.552713678800501e-14
1.7763568394002505e-14
0.0
0.0
1.554312234475219e-14
1.0658141036401503e-14
6.838973831690964e-14
-1.2434497875801753e-14
1.4210854715202004e-14
1.6736612096224235e-14
0.0
3.774758283725532e-15
2.1316282072803006e-14
1.687538997430238e-14
2.220446049250313e-14
-2.6645352591003757e-15
-5.329070518200751e-15
-2.1316282072803006e-14
1.1102230246251565e-14
2.1316282072803006e-14
2.1316282072803006e-14
2.1316282072803006e-14
2.4868995751603507e-14
1.021405182655144e-14
-1.865174681370263e-14
-1.4210854715202004e-14
-7.993605777301127e-15
4.9960036108132044e-15
-8.881784197001252e-15
-1.0658141036401503e-14
-1.0658141036401503e-14
-1.3655743202889425e-14
-7.993605777301127e-15
-7.771561172376096e-16
-1.3322676295501878e-14
-3.552713678800501e-15
-1.0658141036401503e-14
2.842170943040401e-14
2.1316282072803006e-14
2.6645352591003757e-14
-7.993605777301127e-15
-1.0658141036401503e-14
-1.4210854715202004e-14
-1.1546319456101628e-14
-8.881784197001252e-15
-1.1102230246251565e-14
-3.3306690738754696e-15
-2.1316282072803006e-14
-3.552713678800501e-15
2.9698465908722937e-15
9.325873406851315e-15
1.0658141036401503e-14
1.4210854715202004e-14
-1.4988010832439613e-15
-5.329070518200751e-15
-6.217248937900877e-15
-3.314015728506092e-14
-1.0658141036401503e-14
-1.1546319456101628e-14
-4.884981308350689e-15
-5.329070518200751e-15
-2.220446049250313e-14
6.217248937900877e-15
-1.9095836023552692e-14
-9.103828801926284e-15
2.6645352591003757e-15
-1.6431300764452317e-14
-261.8750000000002
7.105427357601002e-15
0.0
0.0
0.0
0.0
0.0
0.0
8.881784197001252e-15
1.7763568394002505e-14
2.4868995751603507e-14
1.4210854715202004e-14
2.1316282072803006e-14
0.0
-7.105427357601002e-15
0.0
0.0
0.0
0.0
0.0
0.0
0.0
0.0
0.0
0.0
0.0
0.0
0.0
0.0
0.0
0.0
0.0
0.0
0.0
0.0
0.0
0.0
0.0
0.0
0.0
0.0
0.0
2.842170943040401e-14
0.0
0.0
0.0
0.0
1.4210854715202004e-14
0.0
0.0
0.0
0.0
0.0
0.0
0.0
0.0
0.0
0.0
0.0
0.0
0.0
0.0
0.0
0.0
0.0
0.0
0.0
0.0
0.0
0.0
0.0
0.0
0.0
0.0
0.0
0.0
0.0
0.0
0.0
0.0
0.0
0.0
0.0
0.0
0.0
0.0
0.0
0.0
0.0
0.0
0.0
0.0
0.0
0.0
0.0
0.0
0.0
0.0
0.0
0.0
0.0
0.0
0.0
0.0
0.0
0.0
0.0
0.0
0.0
0.0
0.0
0.0
0.0
0.0
0.0
0.0
0.0
0.0
0.0
0.0
0.0
0.0
0.0
0.0
0.0
0.0
0.0
0.0
0.0
0.0
0.0
0.0
0.0
0.0
0.0
0.0
0.0
0.0
0.0
0.0
0.0
0.0
0.0
0.0
0.0
0.0
0.0
0.0
0.0
0.0
0.0
0.0
0.0
0.0
0.0
0.0
0.0
0.0
0.0
0.0
0.0
0.0
0.0
0.0
0.0
0.0
0.0
0.0
0.0
0.0
0.0
0.0
0.0
0.0
0.0
0.0
0.0
0.0
0.0
0.0
0.0
0.0
0.0
0.0
0.0
0.0
0.0
0.0
0.0
0.0
0.0
0.0
0.0
0.0
0.0
0.0
0.0
0.0
0.0
0.0
0.0
0.0
0.0
0.0
0.0
0.0
0.0
0.0
0.0
0.0
0.0
0.0
0.0
0.0
0.0
0.0
0.0
0.0
0.0
0.0
0.0
0.0
0.0
0.0
0.0
0.0
0.0
0.0
0.0
0.0
0.0
0.0
0.0
0.0
0.0
0.0
0.0
0.0
0.0
0.0
0.0
0.0
0.0
0.0
0.0
0.0
0.0
0.0
0.0
0.0
0.0
0.0
0.0
0.0
0.0
-1.4210854715202004e-14
0.0
0.0
-5.329070518200751e-15
2.842170943040401e-14
2.842170943040401e-14
-4.884981308350689e-15
2.842170943040401e-14
2.842170943040401e-14
2.842170943040401e-14
0.0
0.0
0.0
0.0
-1.0658141036401503e-14
0.0
0.0
0.0
0.0
0.0
0.0
0.0
0.0
0.0
0.0
0.0
0.0
0.0
2.842170943040401e-14
5.684341886080802e-14
0.0
0.0
0.0
0.0
0.0
0.0
0.0
0.0
0.0
0.0
0.0
0.0
0.0
0.0
0.0
0.0
0.0
0.0
8.526512829121202e-14
0.0
-2.842170943040401e-14
1.687538997430238e-14
0.0
0.0
0.0
0.0
0.0
0.0
0.0
0.0
0.0
0.0
0.0
0.0
0.0
0.0
0.0
0.0
0.0
0.0
0.0
0.0
0.0
0.0
0.0
0.0
0.0
0.0
0.0
0.0
0.0
0.0
0.0
0.0
0.0
0.0
0.0
0.0
0.0
0.0
0.0
0.0
0.0
0.0
0.0
5.684341886080802e-14
5.684341886080802e-14
0.0
0.0
-2.0872192862952943e-14
2.842170943040401e-14
0.0
0.0
0.0
2.842170943040401e-14
-2.842170943040401e-14
0.0
-7.105427357601002e-15
0.0
0.0
0.0
0.0
0.0
0.0
-1.4210854715202004e-14
1.4210854715202004e-14
-5.329070518200751e-15
0.0
0.0
0.0
0.0
0.0
0.0
0.0
0.0
0.0
0.0
1.4210854715202004e-14
-1.4210854715202004e-14
7.993605777301127e-15
0.0
0.0
0.0
0.0
0.0
0.0
0.0
0.0
0.0
0.0
0.0
0.0
0.0
0.0
0.0
0.0
0.0
0.0
0.0
0.0
0.0
0.0
0.0
0.0
0.0
0.0
0.0
0.0
0.0
0.0
0.0
0.0
0.0
0.0
0.0
0.0
0.0
0.0
0.0
0.0
0.0
0.0
0.0
0.0
0.0
0.0
0.0
0.0
0.0
0.0
0.0
0.0
0.0
0.0
0.0
0.0
0.0
0.0
0.0
0.0
0.0
0.0
0.0
0.0
0.0
0.0
0.0
0.0
0.0
0.0
0.0
0.0
0.0
0.0
0.0
0.0
0.0
0.0
0.0
0.0
0.0
0.0
0.0
0.0
0.0
0.0
0.0
0.0
0.0
0.0
0.0
0.0
0.0
0.0
0.0
0.0
0.0
0.0
0.0
0.0
0.0
0.0
0.0
0.0
0.0
0.0
0.0
0.0
0.0
0.0
0.0
0.0
0.0
0.0
0.0
0.0
0.0
0.0
0.0
0.0
0.0
0.0
0.0
0.0
0.0
0.0
0.0
0.0
0.0
0.0
0.0
0.0
0.0
0.0
0.0
0.0
0.0
0.0
0.0
0.0
0.0
0.0
0.0
0.0
0.0
0.0
0.0
0.0
0.0
0.0
0.0
0.0
0.0
0.0
0.0
0.0
0.0
0.0
0.0
0.0
0.0
0.0
0.0
0.0
0.0
0.0
0.0
0.0
0.0
0.0
0.0
0.0
0.0
0.0
0.0
0.0
0.0
0.0
0.0
0.0
0.0
0.0
0.0
0.0
0.0
0.0
0.0
0.0
0.0
0.0
0.0
0.0
0.0
0.0
0.0
0.0
0.0
0.0
0.0
0.0
0.0
0.0
0.0
0.0
0.0
0.0
0.0
0.0
0.0
0.0
0.0
0.0
0.0
0.0
0.0
0.0
0.0
0.0
0.0
0.0
0.0
0.0
0.0
0.0
0.0
0.0
0.0
0.0
0.0
0.0
0.0
0.0
0.0
0.0
0.0
0.0
0.0
0.0
0.0
0.0
0.0
0.0
0.0
0.0
0.0
0.0
0.0
0.0
0.0
0.0
0.0
0.0
0.0
0.0
0.0
0.0
0.0
0.0
0.0
0.0
0.0
0.0
0.0
0.0
0.0
0.0
0.0
0.0
0.0
0.0
0.0
0.0
0.0
0.0
0.0
0.0
0.0
0.0
0.0
0.0
0.0
0.0
0.0
0.0
0.0
0.0
0.0
0.0
0.0
0.0
0.0
0.0
0.0
0.0
0.0
0.0
0.0
0.0
0.0
0.0
0.0
0.0
0.0
0.0
0.0
0.0
0.0
0.0
0.0
0.0
0.0
0.0
0.0
0.0
0.0
0.0
0.0
0.0
0.0
0.0
0.0
0.0
0.0
0.0
0.0
0.0
0.0
0.0
0.0
0.0
0.0
0.0
0.0
0.0
0.0
0.0
0.0
0.0
0.0
0.0
0.0
0.0
0.0
0.0
0.0
0.0
0.0
0.0
0.0
0.0
0.0
0.0
0.0
0.0
0.0
0.0
0.0
0.0
0.0
0.0
0.0
0.0
0.0
0.0
0.0
0.0
0.0
0.0
0.0
0.0
0.0
0.0
0.0
0.0
0.0
0.0
0.0
0.0
0.0
0.0
0.0
0.0
0.0
0.0
0.0
0.0
0.0
0.0
0.0
0.0
0.0
0.0
0.0
0.0
0.0
0.0
0.0
0.0
0.0
0.0
0.0
0.0
0.0
0.0
0.0
0.0
0.0
0.0
0.0
0.0
0.0
0.0
0.0
0.0
0.0
0.0
0.0
0.0
0.0
0.0
0.0
0.0
0.0
0.0
0.0
0.0
0.0
0.0
0.0
0.0
0.0
0.0
0.0
0.0
0.0
0.0
0.0
0.0
0.0
0.0
0.0
0.0
0.0
0.0
0.0
0.0
0.0
0.0
0.0
0.0
0.0
0.0
0.0
0.0
0.0
0.0
0.0
0.0
0.0
0.0
0.0
0.0
0.0
0.0
0.0
0.0
0.0
0.0
0.0
0.0
0.0
0.0
0.0
0.0
0.0
0.0
0.0
0.0
0.0
0.0
0.0
0.0
0.0
0.0
0.0
0.0
0.0
0.0
0.0
0.0
0.0
0.0
0.0
0.0
0.0
0.0
0.0
0.0
0.0
0.0
0.0
0.0
0.0
0.0
0.0
-2.842170943040401e-14
2.842170943040401e-14
1.4210854715202004e-14
0.0
-2.842170943040401e-14
0.0
-1.4210854715202004e-14
-2.842170943040401e-14
0.0
0.0
-1.4210854715202004e-14
0.0
2.1316282072803006e-14
-1.2434497875801753e-14
-2.842170943040401e-14
1.4210854715202004e-14
1.4210854715202004e-14
-1.4210854715202004e-14
2.842170943040401e-14
-2.842170943040401e-14
0.0
0.0
-2.842170943040401e-14
0.0
-2.842170943040401e-14
0.0
0.0
-3.3306690738754696e-16
-1.4210854715202004e-14
0.0
0.0
2.842170943040401e-14
0.0
0.0
-1.3322676295501878e-15
0.0
2.842170943040401e-14
2.842170943040401e-14
0.0
0.0
0.0
-1.5987211554602254e-14
-2.842170943040401e-14
0.0
2.842170943040401e-14
-2.842170943040401e-14
-1.4210854715202004e-14
-2.842170943040401e-14
2.842170943040401e-14
2.842170943040401e-14
1.4210854715202004e-14
-5.684341886080802e-14
0.0
0.0
1.1435297153639112e-14
-2.842170943040401e-14
-2.842170943040401e-14
0.0
1.4210854715202004e-14
-1.4210854715202004e-14
-1.4210854715202004e-14
2.842170943040401e-14
0.0
2.842170943040401e-14
-4.218847493575595e-15
4.263256414560601e-14
-1.4210854715202004e-14
2.842170943040401e-14
0.0
0.0
0.0
0.0
0.0
0.0
0.0
0.0
0.0
0.0
0.0
0.0
0.0
0.0
0.0
0.0
0.0
0.0
0.0
0.0
0.0
0.0
0.0
0.0
0.0
0.0
0.0
0.0
0.0
0.0
0.0
0.0
0.0
0.0
0.0
0.0
0.0
0.0
0.0
0.0
0.0
0.0
0.0
0.0
0.0
0.0
0.0
0.0
0.0
0.0
0.0
0.0
0.0
0.0
0.0
0.0
0.0
0.0
0.0
0.0
-2.842170943040401e-14
-2.842170943040401e-14
0.0
0.0
-1.4210854715202004e-14
0.0
-2.842170943040401e-14
0.0
2.842170943040401e-14
0.0
2.842170943040401e-14
0.0
-2.4868995751603507e-14
0.0
-2.842170943040401e-14
2.842170943040401e-14
-1.2434497875801753e-14
-2.842170943040401e-14
0.0
0.0
-1.4210854715202004e-14
1.4210854715202004e-14
0.0
0.0
0.0
2.842170943040401e-14
0.0
0.0
0.0
3.6637359812630166e-15
-2.842170943040401e-14
-2.842170943040401e-14
0.0
-2.842170943040401e-14
0.0
2.842170943040401e-14
-2.842170943040401e-14
2.842170943040401e-14
1.021405182655144e-14
-5.551115123125783e-15
0.0
0.0
0.0
8.881784197001252e-16
-1.2323475573339238e-14
-1.7763568394002505e-15
4.440892098500626e-15
0.0
2.842170943040401e-14
1.4210854715202004e-14
2.842170943040401e-14
0.0
0.0
0.0
1.4210854715202004e-14
0.0
0.0
-2.842170943040401e-14
-2.842170943040401e-14
2.842170943040401e-14
2.4868995751603507e-14
0.0
0.0
-1.4210854715202004e-14
-1.3322676295501878e-15
0.0
0.0
2.842170943040401e-14
0.0
0.0
0.0
-2.842170943040401e-14
0.0
2.842170943040401e-14
9.159339953157541e-15
0.0
0.0
-2.842170943040401e-14
2.220446049250313e-16
-2.842170943040401e-14
0.0
0.0
-2.842170943040401e-14
2.842170943040401e-14
0.0
-2.842170943040401e-14
0.0
0.0
8.326672684688674e-15
0.0
0.0
0.0
1.6653345369377348e-14
2.842170943040401e-14
0.0
0.0
8.881784197001252e-16
0.0
2.842170943040401e-14
0.0
2.0039525594484076e-14
0.0
0.0
0.0
-4.6629367034256575e-15
2.842170943040401e-14
-2.842170943040401e-14
0.0
-5.773159728050814e-15
2.020605904817785e-14
1.0907941216942163e-14
0.0
0.0
-2.842170943040401e-14
0.0
0.0
2.842170943040401e-14
2.842170943040401e-14
-3.68594044175552e-14
0.0
0.0
0.0
-1.0436096431476471e-14
0.0
0.0
0.0
2.1871393585115584e-14
-2.842170943040401e-14
0.0
-2.842170943040401e-14
1.63202784619898e-14
-2.1538326677728037e-14
1.3100631690576847e-14
2.842170943040401e-14
0.0
2.842170943040401e-14
2.842170943040401e-14
-1.4210854715202004e-14
-1.4210854715202004e-14
0.0
1.7763568394002505e-15
-5.684341886080802e-14
0.0
1.4210854715202004e-14
-2.1316282072803006e-14
0.0
1.4210854715202004e-14
0.0
-3.552713678800501e-15
-3.3486234618518296e-14
-1.9539925233402755e-14
0.0
0.0
0.0
2.842170943040401e-14
2.842170943040401e-14
0.0
-1.4210854715202004e-14
-2.842170943040401e-14
1.4210854715202004e-14
0.0
1.4210854715202004e-14
0.0
1.4210854715202004e-14
2.842170943040401e-14
0.0
-1.4210854715202004e-14
0.0
0.0
-1.4210854715202004e-14
0.0
-2.7533531010703882e-14
-1.4210854715202004e-14
2.842170943040401e-14
-1.4210854715202004e-14
-1.4210854715202004e-14
1.0658141036401503e-14
0.0
0.0
0.0
2.1316282072803006e-14
1.0658141036401503e-14
4.440892098500626e-16
1.2434497875801753e-14
0.0
0.0
2.842170943040401e-14
-2.842170943040401e-14
0.0
-2.842170943040401e-14
0.0
-8.881784197001252e-15
0.0
-2.842170943040401e-14
-1.4210854715202004e-14
1.7763568394002505e-15
0.0
-1.4210854715202004e-14
0.0
4.884981308350689e-15
0.0
0.0
0.0
-1.1546319456101628e-14
0.0
0.0
0.0
0.0
0.0
1.4210854715202004e-14
-2.842170943040401e-14
2.842170943040401e-14
0.0
-1.0658141036401503e-14
1.4210854715202004e-14
0.0
0.0
3.552713678800501e-15
2.842170943040401e-14
0.0
-2.842170943040401e-14
8.43769498715119e-15
2.842170943040401e-14
2.842170943040401e-14
0.0
1.2434497875801753e-14
-7.105427357601002e-15
-3.552713678800501e-15
0.0
2.842170943040401e-14
0.0
1.4210854715202004e-14
0.0
2.842170943040401e-14
0.0
0.0
-2.842170943040401e-14
0.0
-1.2878587085651816e-14
0.0
-1.4210854715202004e-14
0.0
-1.4210854715202004e-14
0.0
0.0
-1.2434497875801753e-14
-1.4210854715202004e-14
-2.842170943040401e-14
1.4210854715202004e-14
0.0
7.105427357601002e-15
0.0
-3.9968028886505635e-15
2.842170943040401e-14
-2.842170943040401e-14
0.0
0.0
0.0
-2.842170943040401e-14
2.842170943040401e-14
0.0
0.0
2.842170943040401e-14
0.0
1.7763568394002505e-15
-1.5987211554602254e-14
0.0
0.0
0.0
-1.4210854715202004e-14
-1.4210854715202004e-14
1.4210854715202004e-14
-1.3322676295501878e-14
-1.5987211554602254e-14
-2.6645352591003757e-15
2.842170943040401e-14
0.0
-2.842170943040401e-14
0.0
2.842170943040401e-14
0.0
0.0
0.0
8.881784197001252e-16
-5.684341886080802e-14
2.842170943040401e-14
0.0
1.0658141036401503e-14
2.842170943040401e-14
1.4210854715202004e-14
0.0
-1.2434497875801753e-14
1.4210854715202004e-14
-2.842170943040401e-14
1.4210854715202004e-14
-4.440892098500626e-15
-4.04121180963557e-14
3.552713678800501e-15
-2.842170943040401e-14
1.4210854715202004e-14
-2.842170943040401e-14
2.842170943040401e-14
1.4210854715202004e-14
2.842170943040401e-14
-1.4210854715202004e-14
1.7763568394002505e-15
1.4210854715202004e-14
0.0
1.4210854715202004e-14
-5.329070518200751e-15
2.842170943040401e-14
0.0
2.842170943040401e-14
-1.0658141036401503e-14
-5.684341886080802e-14
0.0
2.842170943040401e-14
1.0658141036401503e-14
-1.7763568394002505e-15
-5.329070518200751e-15
0.0
0.0
-2.842170943040401e-14
-2.842170943040401e-14
-1.4210854715202004e-14
-1.4210854715202004e-14
-2.842170943040401e-14
0.0
-2.842170943040401e-14
0.0
-1.2434497875801753e-14
-1.7763568394002505e-15
0.0
-2.842170943040401e-14
0.0
-2.842170943040401e-14
-2.842170943040401e-14
-1.4210854715202004e-14
3.552713678800501e-14
-4.440892098500626e-15
3.019806626980426e-14
1.4210854715202004e-14
0.0
0.0
-2.842170943040401e-14
0.0
0.0
0.0
-1.4210854715202004e-14
2.842170943040401e-14
-1.7763568394002505e-14
-4.440892098500626e-15
2.842170943040401e-14
0.0
0.0
0.0
-2.842170943040401e-14
0.0
2.842170943040401e-14
2.3314683517128287e-14
2.842170943040401e-14
0.0
2.842170943040401e-14
-6.217248937900877e-15
0.0
-2.842170943040401e-14
0.0
-1.5987211554602254e-14
0.0
-1.9539925233402755e-14
5.329070518200751e-15
8.881784197001252e-16
2.842170943040401e-14
1.4210854715202004e-14
2.842170943040401e-14
0.0
0.0
-2.842170943040401e-14
-2.842170943040401e-14
2.842170943040401e-14
-2.842170943040401e-14
-1.4210854715202004e-14
2.842170943040401e-14
-1.4210854715202004e-14
1.9539925233402755e-14
3.907985046680551e-14
8.881784197001252e-15
0.0
2.842170943040401e-14
0.0
0.0
0.0
-2.842170943040401e-14
1.1546319456101628e-14
0.0
0.0
2.1316282072803006e-14
-2.842170943040401e-14
0.0
-2.842170943040401e-14
-1.0658141036401503e-14
1.7763568394002505e-14
-1.9539925233402755e-14
2.842170943040401e-14
0.0
0.0
-2.842170943040401e-14
0.0
2.842170943040401e-14
0.0
1.4210854715202004e-14
2.842170943040401e-14
-1.1546319456101628e-14
2.842170943040401e-14
-1.0658141036401503e-14
-2.842170943040401e-14
-2.842170943040401e-14
0.0
1.4210854715202004e-14
0.0
0.0
1.4210854715202004e-14
0.0
1.9539925233402755e-14
0.0
-1.0658141036401503e-14
0.0
0.0
0.0
0.0
0.0
0.0
0.0
0.0
0.0
0.0
0.0
0.0
0.0
0.0
0.0
0.0
0.0
0.0
0.0
0.0
0.0
0.0
0.0
0.0
0.0
0.0
0.0
0.0
0.0
0.0
0.0
0.0
0.0
0.0
0.0
0.0
0.0
0.0
0.0
0.0
0.0
0.0
0.0
0.0
0.0
0.0
0.0
0.0
0.0
0.0
0.0
0.0
0.0
0.0
0.0
0.0
0.0
0.0
0.0
0.0
0.0
0.0
0.0
0.0
0.0
0.0
0.0
0.0
0.0
0.0
0.0
0.0
0.0
0.0
0.0
0.0
0.0
0.0
0.0
0.0
0.0
0.0
0.0
0.0
0.0
0.0
0.0
0.0
0.0
0.0
0.0
0.0
0.0
0.0
0.0
0.0
0.0
0.0
0.0
0.0
0.0
0.0
0.0
0.0
0.0
0.0
0.0
0.0
0.0
0.0
0.0
0.0
0.0
0.0
0.0
0.0
0.0
0.0
0.0
0.0
0.0
0.0
0.0
0.0
0.0
0.0
0.0
0.0
0.0
0.0
0.0
0.0
0.0
0.0
0.0
0.0
0.0
0.0
0.0
0.0
0.0
0.0
0.0
0.0
0.0
0.0
0.0
0.0
0.0
0.0
0.0
0.0
0.0
0.0
0.0
0.0
0.0
0.0
0.0
0.0
0.0
0.0
0.0
0.0
0.0
0.0
0.0
0.0
0.0
0.0
0.0
0.0
0.0
0.0
0.0
0.0
0.0
0.0
0.0
0.0
0.0
0.0
0.0
0.0
0.0
0.0
0.0
0.0
0.0
0.0
0.0
0.0
0.0
0.0
0.0
0.0
0.0
0.0
0.0
0.0
0.0
0.0
0.0
0.0
0.0
0.0
0.0
0.0
0.0
0.0
0.0
0.0
0.0
0.0
0.0
0.0
0.0
0.0
0.0
0.0
0.0
0.0
0.0
0.0
0.0
0.0
0.0
0.0
0.0
0.0
0.0
0.0
0.0
0.0
0.0
0.0
0.0
0.0
0.0
0.0
0.0
0.0
0.0
0.0
0.0
0.0
0.0
0.0
0.0
0.0
0.0
0.0
0.0
0.0
0.0
0.0
0.0
0.0
0.0
0.0
0.0
0.0
0.0
0.0
0.0
0.0
0.0
0.0
0.0
0.0
0.0
0.0
0.0
0.0
0.0
0.0
0.0
0.0
0.0
0.0
0.0
0.0
0.0
0.0
0.0
0.0
0.0
0.0
0.0
0.0
0.0
0.0
0.0
0.0
0.0
0.0
0.0
0.0
0.0
0.0
0.0
0.0
0.0
0.0
0.0
0.0
0.0
0.0
0.0
0.0
0.0
0.0
0.0
0.0
0.0
0.0
0.0
0.0
0.0
0.0
0.0
0.0
0.0
0.0
0.0
0.0
0.0
0.0
0.0
0.0
0.0
0.0
0.0
0.0
0.0
0.0
0.0
0.0
0.0
0.0
0.0
0.0
0.0
0.0
0.0
0.0
0.0
0.0
0.0
0.0
0.0
0.0
0.0
0.0
0.0
0.0
0.0
0.0
0.0
0.0
0.0
0.0
0.0
0.0
0.0
0.0
0.0
0.0
0.0
0.0
0.0
0.0
0.0
0.0
0.0
0.0
0.0
0.0
0.0
0.0
0.0
0.0
0.0
0.0
0.0
0.0
0.0
0.0
0.0
0.0
0.0
0.0
0.0
0.0
0.0
0.0
0.0
0.0
0.0
0.0
0.0
0.0
0.0
0.0
0.0
0.0
0.0
0.0
0.0
0.0
0.0
0.0
0.0
0.0
0.0
0.0
0.0
0.0
0.0
0.0
0.0
0.0
0.0
0.0
0.0
0.0
0.0
0.0
0.0
0.0
0.0
0.0
0.0
0.0
0.0
0.0
0.0
0.0
0.0
0.0
0.0
0.0
0.0
0.0
0.0
0.0
0.0
0.0
0.0
0.0
0.0
0.0
0.0
0.0
0.0
0.0
0.0
0.0
0.0
0.0
0.0
0.0
0.0
0.0
0.0
0.0
0.0
0.0
0.0
0.0
0.0
0.0
0.0
0.0
0.0
0.0
0.0
0.0
0.0
0.0
0.0
0.0
0.0
0.0
0.0
0.0
0.0
0.0
0.0
0.0
0.0
0.0
0.0
0.0
0.0
0.0
0.0
0.0
0.0
0.0
0.0
0.0
0.0
0.0
0.0
0.0
0.0
0.0
0.0
0.0
0.0
0.0
0.0
0.0
0.0
0.0
0.0
0.0
0.0
0.0
0.0
0.0
0.0
0.0
0.0
0.0
0.0
0.0
0.0
0.0
0.0
0.0
0.0
0.0
0.0
0.0
0.0
0.0
0.0
0.0
0.0
0.0
0.0
0.0
0.0
0.0
0.0
0.0
0.0
0.0
0.0
0.0
0.0
0.0
0.0
0.0
0.0
0.0
0.0
0.0
0.0
0.0
0.0
0.0
0.0
0.0
0.0
0.0
0.0
0.0
0.0
0.0
0.0
0.0
0.0
0.0
0.0
0.0
0.0
0.0
0.0
0.0
0.0
0.0
0.0
0.0
0.0
0.0
0.0
0.0
0.0
0.0
0.0
0.0
0.0
0.0
0.0
0.0
0.0
0.0
0.0
0.0
0.0
0.0
0.0
0.0
0.0
0.0
0.0
0.0
0.0
0.0
0.0
0.0
0.0
0.0
0.0
0.0
0.0
0.0
0.0
0.0
0.0
0.0
0.0
0.0
0.0
0.0
0.0
0.0
0.0
0.0
0.0
0.0
0.0
0.0
0.0
0.0
0.0
0.0
0.0
0.0
0.0
0.0
0.0
0.0
0.0
0.0
0.0
0.0
0.0
0.0
0.0
0.0
0.0
0.0
0.0
0.0
0.0
0.0
0.0
0.0
0.0
0.0
0.0
0.0
0.0
0.0
0.0
0.0
0.0
0.0
0.0
0.0
0.0
0.0
0.0
0.0
0.0
0.0
0.0
0.0
0.0
0.0
0.0
0.0
0.0
0.0
0.0
0.0
0.0
0.0
0.0
0.0
0.0
0.0
0.0
0.0
0.0
0.0
0.0
0.0
0.0
0.0
0.0
0.0
0.0
0.0
0.0
0.0
0.0
0.0
0.0
0.0
0.0
0.0
0.0
0.0
0.0
0.0
0.0
0.0
0.0
0.0
0.0
0.0
0.0
0.0
0.0
0.0
0.0
0.0
0.0
0.0
0.0
0.0
0.0
0.0
0.0
0.0
0.0
0.0
0.0
0.0
0.0
0.0
0.0
0.0
0.0
0.0
0.0
0.0
0.0
0.0
0.0
0.0
0.0
0.0
0.0
0.0
0.0
0.0
0.0
0.0
0.0
0.0
0.0
0.0
0.0
0.0
0.0
0.0
0.0
0.0
0.0
0.0
0.0
0.0
0.0
0.0
0.0
0.0
0.0
0.0
0.0
0.0
0.0
0.0
0.0
0.0
0.0
0.0
0.0
0.0
0.0
0.0
0.0
0.0
0.0
0.0
0.0
0.0
0.0
0.0
0.0
0.0
0.0
0.0
0.0
0.0
0.0
0.0
0.0
0.0
0.0
0.0
0.0
0.0
0.0
0.0
0.0
0.0
0.0
0.0
0.0
0.0
0.0
0.0
0.0
0.0
0.0
0.0
0.0
0.0
0.0
0.0
0.0
0.0
0.0
0.0
0.0
0.0
0.0
0.0
0.0
0.0
0.0
0.0
0.0
0.0
0.0
0.0
0.0
0.0
0.0
0.0
0.0
0.0
0.0
0.0
0.0
0.0
0.0
0.0
0.0
0.0
0.0
0.0
0.0
0.0
0.0
0.0
0.0
0.0
0.0
0.0
0.0
0.0
0.0
0.0
0.0
0.0
0.0
0.0
0.0
0.0
0.0
0.0
0.0
0.0
0.0
0.0
0.0
0.0
0.0
0.0
0.0
0.0
0.0
0.0
0.0
0.0
0.0
0.0
0.0
0.0
0.0
0.0
0.0
0.0
0.0
0.0
0.0
0.0
0.0
0.0
0.0
0.0
0.0
0.0
0.0
0.0
0.0
0.0
0.0
0.0
0.0
0.0
0.0
0.0
0.0
0.0
0.0
0.0
0.0
0.0
0.0
0.0
0.0
0.0
0.0
0.0
0.0
0.0
0.0
0.0
0.0
0.0
0.0
0.0
0.0
0.0
0.0
0.0
-2.842170943040401e-14
-2.842170943040401e-14
2.842170943040401e-14
0.0
-2.842170943040401e-14
-2.842170943040401e-14
0.0
-3.552713678800501e-15
-7.105427357601002e-15
2.842170943040401e-14
2.842170943040401e-14
-2.842170943040401e-14
-2.4868995751603507e-14
-5.684341886080802e-14
-1.4210854715202004e-14
0.0
0.0
2.842170943040401e-14
-1.4210854715202004e-14
-2.6645352591003757e-14
1.7763568394002505e-14
0.0
-2.842170943040401e-14
0.0
-1.4210854715202004e-14
2.842170943040401e-14
-1.4210854715202004e-14
-2.842170943040401e-14
1.4210854715202004e-14
-2.842170943040401e-14
-7.105427357601002e-15
2.842170943040401e-14
-2.842170943040401e-14
-2.842170943040401e-14
0.0
2.842170943040401e-14
-1.4210854715202004e-14
-7.105427357601002e-15
-1.0658141036401503e-14
0.0
2.842170943040401e-14
2.842170943040401e-14
2.5757174171303632e-14
-7.105427357601002e-15
-1.5987211554602254e-14
1.0658141036401503e-14
0.0
-2.842170943040401e-14
-1.4210854715202004e-14
0.0
0.0
0.0
0.0
0.0
0.0
0.0
0.0
0.0
0.0
0.0
0.0
0.0
0.0
0.0
0.0
0.0
0.0
1.4210854715202004e-14
1.4210854715202004e-14
-1.4210854715202004e-14
2.842170943040401e-14
0.0
2.842170943040401e-14
2.1316282072803006e-14
-1.4210854715202004e-14
0.0
0.0
-1.7763568394002505e-14
6.8833827526759706e-15
-3.552713678800501e-14
-7.105427357601002e-15
1.4210854715202004e-14
0.0
2.842170943040401e-14
2.842170943040401e-14
3.552713678800501e-14
-4.618527782440651e-14
0.0
1.4210854715202004e-14
-1.4210854715202004e-14
0.0
0.0
-1.4210854715202004e-14
0.0
8.881784197001252e-15
2.842170943040401e-14
-2.842170943040401e-14
-1.4210854715202004e-14
3.552713678800501e-14
0.0
0.0
1.4210854715202004e-14
1.4210854715202004e-14
1.9095836023552692e-14
4.973799150320701e-14
-3.552713678800501e-14
2.842170943040401e-14
-1.4210854715202004e-14
1.4210854715202004e-14
0.0
-2.220446049250313e-14
-8.881784197001252e-15
-1.4210854715202004e-14
0.0
0.0
-1.4210854715202004e-14
0.0
0.0
2.842170943040401e-14
-4.440892098500626e-14
0.0
0.0
2.842170943040401e-14
-1.2434497875801753e-14
0.0
0.0
2.842170943040401e-14
-6.661338147750939e-15
-1.2888995426507677e-14
3.019806626980426e-14
-7.549516567451064e-15
-2.842170943040401e-14
-1.4210854715202004e-14
1.687538997430238e-14
-2.6645352591003757e-15
0.0
-2.842170943040401e-14
-1.4210854715202004e-14
-2.842170943040401e-14
1.4210854715202004e-14
0.0
1.4210854715202004e-14
-8.881784197001252e-15
0.0
-2.842170943040401e-14
2.1316282072803006e-14
2.842170943040401e-14
1.4210854715202004e-14
1.4210854715202004e-14
0.0
-1.5987211554602254e-14
1.1102230246251565e-15
-1.4210854715202004e-14
-3.375077994860476e-14
2.842170943040401e-14
0.0
0.0
0.0
0.0
0.0
-1.4210854715202004e-14
0.0
1.4210854715202004e-14
0.0
0.0
0.0
0.0
0.0
0.0
0.0
0.0
0.0
0.0
0.0
0.0
0.0
0.0
0.0
0.0
0.0
0.0
0.0
0.0
0.0
0.0
0.0
0.0
0.0
0.0
0.0
0.0
0.0
0.0
0.0
0.0
0.0
0.0
0.0
0.0
0.0
0.0
0.0
0.0
0.0
0.0
0.0
0.0
0.0
0.0
0.0
0.0
0.0
0.0
0.0
0.0
0.0
0.0
0.0
-2.842170943040401e-14
0.0
0.0
-1.4210854715202004e-14
0.0
3.552713678800501e-15
7.105427357601002e-15
0.0
0.0
7.105427357601002e-15
3.552713678800501e-14
1.4210854715202004e-14
-1.4210854715202004e-14
0.0
-2.4868995751603507e-14
-1.4210854715202004e-14
-1.4210854715202004e-14
-3.552713678800501e-14
2.842170943040401e-14
2.842170943040401e-14
1.4210854715202004e-14
0.0
0.0
0.0
0.0
2.842170943040401e-14
0.0
-1.4210854715202004e-14
-1.4210854715202004e-14
0.0
0.0
-1.4210854715202004e-14
-2.842170943040401e-14
0.0
4.973799150320701e-14
2.1316282072803006e-14
-1.4210854715202004e-14
1.4210854715202004e-14
0.0
3.552713678800501e-15
1.4210854715202004e-14
1.4210854715202004e-14
1.4210854715202004e-14
0.0
0.0
0.0
-2.842170943040401e-14
0.0
0.0
1.4210854715202004e-14
2.842170943040401e-14
0.0
5.3290705182007514e-14
0.0
0.0
0.0
-1.4210854715202004e-14
-1.4210854715202004e-14
0.0
0.0
0.0
0.0
0.0
0.0
0.0
0.0
0.0
0.0
0.0
0.0
0.0
0.0
0.0
0.0
0.0
0.0
0.0
0.0
0.0
0.0
0.0
0.0
0.0
0.0
0.0
0.0
0.0
0.0
0.0
0.0
0.0
0.0
0.0
0.0
0.0
0.0
0.0
0.0
0.0
0.0
0.0
0.0
0.0
0.0
0.0
0.0
0.0
0.0
0.0
0.0
0.0
0.0
0.0
0.0
0.0
0.0
0.0
0.0
0.0
0.0
0.0
0.0
0.0
0.0
0.0
0.0
0.0
0.0
0.0
0.0
0.0
0.0
0.0
0.0
0.0
0.0
0.0
0.0
0.0
0.0
0.0
0.0
0.0
4.4853010194856324e-14
-1.687538997430238e-14
0.0
-2.842170943040401e-14
0.0
0.0
0.0
0.0
0.0
0.0
0.0
0.0
2.842170943040401e-14
0.0
0.0
0.0
-1.4210854715202004e-14
0.0
0.0
0.0
0.0
0.0
0.0
0.0
0.0
0.0
0.0
0.0
0.0
0.0
0.0
0.0
0.0
0.0
0.0
0.0
0.0
0.0
0.0
0.0
0.0
0.0
0.0
0.0
0.0
0.0
0.0
0.0
0.0
0.0
0.0
0.0
0.0
0.0
0.0
0.0
0.0
0.0
0.0
0.0
0.0
0.0
0.0
0.0
0.0
0.0
1.4210854715202004e-14
0.0
0.0
0.0
-1.0658141036401503e-14
0.0
0.0
0.0
0.0
0.0
0.0
0.0
1.4210854715202004e-14
0.0
-2.842170943040401e-14
0.0
3.552713678800501e-15
0.0
0.0
0.0
0.0
0.0
0.0
-2.842170943040401e-14
0.0
1.4210854715202004e-14
-1.4210854715202004e-14
-1.7763568394002505e-14
-7.105427357601002e-15
-2.842170943040401e-14
0.0
0.0
-2.842170943040401e-14
1.7763568394002505e-14
-7.105427357601002e-15
0.0
0.0
0.0
0.0
0.0
0.0
0.0
0.0
0.0
-1.4210854715202004e-14
-1.4210854715202004e-14
3.552713678800501e-15
0.0
0.0
0.0
0.0
0.0
0.0
0.0
0.0
0.0
0.0
0.0
0.0
0.0
0.0
0.0
0.0
0.0
0.0
0.0
0.0
0.0
0.0
0.0
0.0
0.0
0.0
0.0
0.0
0.0
0.0
0.0
0.0
0.0
0.0
0.0
0.0
0.0
0.0
0.0
0.0
0.0
0.0
0.0
0.0
0.0
0.0
0.0
0.0
0.0
0.0
0.0
0.0
0.0
0.0
0.0
0.0
0.0
0.0
0.0
0.0
0.0
0.0
0.0
0.0
0.0
0.0
0.0
0.0
0.0
0.0
0.0
0.0
0.0
0.0
0.0
0.0
0.0
0.0
0.0
0.0
0.0
0.0
0.0
0.0
0.0
0.0
0.0
0.0
0.0
0.0
0.0
0.0
0.0
0.0
0.0
0.0
0.0
0.0
0.0
0.0
0.0
0.0
0.0
0.0
0.0
0.0
0.0
0.0
0.0
0.0
0.0
0.0
0.0
0.0
0.0
0.0
0.0
0.0
0.0
0.0
0.0
0.0
0.0
0.0
0.0
0.0
0.0
0.0
0.0
0.0
0.0
0.0
0.0
0.0
0.0
0.0
0.0
0.0
0.0
0.0
0.0
0.0
0.0
0.0
0.0
0.0
0.0
0.0
0.0
0.0
0.0
0.0
0.0
0.0
0.0
0.0
0.0
0.0
0.0
0.0
0.0
0.0
0.0
0.0
0.0
0.0
0.0
0.0
0.0
0.0
0.0
0.0
0.0
0.0
0.0
0.0
0.0
0.0
0.0
0.0
0.0
0.0
0.0
0.0
0.0
0.0
0.0
0.0
0.0
0.0
0.0
0.0
0.0
0.0
0.0
0.0
0.0
0.0
0.0
0.0
0.0
0.0
0.0
0.0
0.0
0.0
0.0
0.0
0.0
0.0
0.0
0.0
0.0
0.0
0.0
0.0
0.0
0.0
0.0
0.0
0.0
0.0
0.0
0.0
0.0
0.0
0.0
0.0
0.0
0.0
0.0
0.0
0.0
0.0
0.0
0.0
0.0
0.0
0.0
0.0
0.0
0.0
0.0
0.0
0.0
0.0
0.0
0.0
0.0
0.0
0.0
0.0
0.0
0.0
0.0
0.0
0.0
0.0
0.0
0.0
0.0
0.0
0.0
0.0
0.0
0.0
0.0
0.0
0.0
0.0
0.0
0.0
0.0
0.0
0.0
0.0
0.0
0.0
0.0
0.0
0.0
0.0
0.0
0.0
0.0
0.0
0.0
0.0
0.0
0.0
0.0
0.0
0.0
0.0
0.0
0.0
0.0
0.0
0.0
0.0
0.0
0.0
0.0
0.0
0.0
0.0
0.0
0.0
0.0
0.0
0.0
0.0
0.0
0.0
0.0
0.0
0.0
0.0
0.0
0.0
0.0
0.0
0.0
0.0
0.0
0.0
0.0
0.0
0.0
0.0
0.0
0.0
0.0
0.0
0.0
0.0
0.0
0.0
0.0
0.0
0.0
0.0
0.0
0.0
0.0
0.0
0.0
0.0
0.0
0.0
0.0
0.0
0.0
0.0
0.0
0.0
0.0
0.0
0.0
0.0
0.0
0.0
0.0
0.0
0.0
0.0
0.0
0.0
0.0
0.0
0.0
0.0
0.0
0.0
0.0
0.0
0.0
0.0
0.0
0.0
0.0
0.0
0.0
0.0
0.0
0.0
0.0
0.0
0.0
0.0
0.0
0.0
0.0
0.0
0.0
0.0
0.0
0.0
0.0
0.0
0.0
0.0
0.0
0.0
0.0
0.0
0.0
0.0
0.0
0.0
0.0
0.0
0.0
0.0
0.0
0.0
0.0
0.0
0.0
0.0
0.0
0.0
0.0
0.0
0.0
0.0
0.0
0.0
0.0
0.0
0.0
0.0
0.0
0.0
0.0
0.0
0.0
0.0
0.0
0.0
0.0
0.0
0.0
0.0
0.0
0.0
0.0
0.0
0.0
0.0
0.0
0.0
0.0
0.0
0.0
0.0
0.0
0.0
0.0
0.0
0.0
0.0
0.0
0.0
0.0
0.0
0.0
0.0
0.0
0.0
0.0
0.0
0.0
0.0
0.0
0.0
0.0
0.0
0.0
0.0
0.0
0.0
0.0
0.0
0.0
0.0
0.0
0.0
0.0
0.0
0.0
0.0
0.0
0.0
0.0
0.0
0.0
0.0
0.0
0.0
0.0
0.0
0.0
0.0
0.0
0.0
0.0
0.0
0.0
0.0
0.0
0.0
0.0
0.0
0.0
0.0
0.0
0.0
0.0
0.0
0.0
0.0
0.0
0.0
0.0
0.0
0.0
0.0
0.0
0.0
0.0
0.0
0.0
0.0
0.0
0.0
0.0
0.0
0.0
0.0
0.0
0.0
0.0
0.0
0.0
0.0
0.0
0.0
0.0
0.0
0.0
0.0
0.0
0.0
0.0
0.0
0.0
0.0
0.0
0.0
0.0
0.0
0.0
0.0
0.0
0.0
0.0
0.0
0.0
0.0
0.0
0.0
0.0
0.0
0.0
0.0
0.0
0.0
0.0
0.0
0.0
0.0
0.0
0.0
0.0
0.0
0.0
0.0
0.0
0.0
0.0
0.0
0.0
0.0
0.0
0.0
0.0
0.0
0.0
0.0
0.0
0.0
0.0
0.0
0.0
0.0
0.0
0.0
0.0
0.0
0.0
0.0
0.0
0.0
0.0
0.0
0.0
0.0
0.0
0.0
0.0
0.0
0.0
0.0
0.0
0.0
0.0
0.0
0.0
0.0
0.0
0.0
0.0
0.0
0.0
0.0
0.0
0.0
0.0
0.0
0.0
0.0
0.0
0.0
0.0
0.0
0.0
0.0
0.0
0.0
0.0
0.0
0.0
0.0
0.0
0.0
0.0
0.0
0.0
0.0
0.0
0.0
0.0
0.0
0.0
0.0
0.0
0.0
0.0
0.0
0.0
0.0
0.0
0.0
0.0
0.0
0.0
0.0
0.0
0.0
0.0
0.0
0.0
0.0
0.0
0.0
0.0
0.0
0.0
0.0
0.0
0.0
0.0
0.0
0.0
0.0
0.0
0.0
0.0
0.0
0.0
0.0
0.0
0.0
0.0
0.0
0.0
0.0
0.0
0.0
0.0
0.0
0.0
0.0
0.0
0.0
0.0
0.0
0.0
0.0
0.0
0.0
0.0
0.0
0.0
0.0
0.0
0.0
0.0
0.0
0.0
0.0
0.0
0.0
0.0
0.0
0.0
0.0
0.0
0.0
0.0
0.0
0.0
0.0
0.0
0.0
0.0
0.0
0.0
0.0
0.0
0.0
0.0
0.0
0.0
0.0
0.0
0.0
0.0
0.0
0.0
0.0
0.0
0.0
0.0
0.0
0.0
0.0
0.0
0.0
0.0
0.0
0.0
0.0
0.0
0.0
0.0
0.0
0.0
0.0
0.0
0.0
0.0
0.0
0.0
0.0
0.0
0.0
0.0
0.0
0.0
0.0
0.0
0.0
0.0
0.0
0.0
0.0
0.0
0.0
0.0
0.0
0.0
0.0
0.0
0.0
0.0
0.0
0.0
0.0
0.0
0.0
0.0
0.0
0.0
0.0
0.0
0.0
0.0
0.0
0.0
0.0
0.0
0.0
0.0
0.0
0.0
0.0
0.0
0.0
0.0
0.0
0.0
0.0
0.0
0.0
0.0
0.0
0.0
0.0
0.0
0.0
0.0
0.0
0.0
0.0
0.0
0.0
0.0
0.0
0.0
0.0
0.0
0.0
0.0
0.0
0.0
0.0
0.0
0.0
0.0
0.0
0.0
0.0
0.0
0.0
0.0
0.0
0.0
0.0
0.0
0.0
0.0
0.0
0.0
0.0
0.0
0.0
0.0
0.0
0.0
0.0
0.0
0.0
0.0
0.0
0.0
0.0
0.0
0.0
0.0
0.0
0.0
0.0
0.0
0.0
0.0
0.0
0.0
0.0
0.0
0.0
0.0
0.0
0.0
0.0
0.0
0.0
0.0
0.0
0.0
0.0
0.0
0.0
0.0
0.0
0.0
0.0
0.0
0.0
0.0
0.0
0.0
0.0
0.0
0.0
0.0
0.0
0.0
0.0
0.0
0.0
0.0
0.0
0.0
0.0
0.0
0.0
0.0
0.0
0.0
0.0
0.0
0.0
0.0
0.0
0.0
0.0
0.0
0.0
0.0
0.0
0.0
0.0
0.0
0.0
0.0
0.0
0.0
0.0
0.0
0.0
0.0
0.0
0.0
0.0
0.0
0.0
0.0
0.0
0.0
0.0
0.0
0.0
0.0
0.0
0.0
0.0
0.0
0.0
0.0
0.0
0.0
0.0
0.0
0.0
0.0
0.0
0.0
0.0
0.0
0.0
0.0
0.0
0.0
0.0
0.0
0.0
0.0
0.0
0.0
0.0
0.0
0.0
0.0
0.0
0.0
0.0
0.0
0.0
0.0
0.0
0.0
0.0
0.0
0.0
0.0
0.0
0.0
0.0
0.0
0.0
0.0
0.0
0.0
0.0
0.0
0.0
0.0
0.0
0.0
0.0
0.0
0.0
0.0
0.0
0.0
0.0
0.0
0.0
0.0
0.0
0.0
0.0
0.0
0.0
0.0
0.0
0.0
0.0
0.0
0.0
0.0
0.0
0.0
0.0
0.0
0.0
0.0
2.842170943040401e-14
1.2434497875801753e-14
-2.842170943040401e-14
0.0
0.0
0.0
0.0
0.0
0.0
0.0
-2.842170943040401e-14
-1.815214645262131e-14
0.0
1.4210854715202004e-14
0.0
0.0
0.0
0.0
0.0
0.0
0.0
0.0
0.0
0.0
0.0
0.0
0.0
0.0
0.0
0.0
0.0
0.0
0.0
0.0
0.0
0.0
0.0
0.0
0.0
0.0
0.0
0.0
0.0
0.0
0.0
0.0
0.0
0.0
0.0
0.0
0.0
0.0
0.0
0.0
0.0
0.0
0.0
0.0
0.0
0.0
0.0
0.0
0.0
0.0
0.0
0.0
0.0
0.0
0.0
0.0
0.0
0.0
0.0
0.0
0.0
0.0
0.0
0.0
0.0
0.0
0.0
0.0
0.0
0.0
0.0
0.0
0.0
0.0
0.0
0.0
0.0
0.0
0.0
0.0
0.0
0.0
0.0
0.0
0.0
0.0
0.0
0.0
0.0
0.0
0.0
0.0
0.0
0.0
0.0
0.0
0.0
0.0
0.0
0.0
0.0
0.0
0.0
0.0
0.0
0.0
0.0
0.0
0.0
0.0
0.0
0.0
0.0
0.0
0.0
0.0
0.0
0.0
0.0
0.0
0.0
0.0
0.0
0.0
0.0
0.0
0.0
0.0
0.0
0.0
0.0
0.0
0.0
0.0
0.0
0.0
0.0
0.0
0.0
0.0
0.0
0.0
0.0
0.0
0.0
0.0
0.0
0.0
0.0
0.0
0.0
0.0
0.0
0.0
0.0
0.0
0.0
0.0
0.0
0.0
0.0
0.0
0.0
0.0
0.0
0.0
0.0
0.0
0.0
0.0
0.0
0.0
0.0
0.0
0.0
0.0
0.0
0.0
0.0
0.0
0.0
0.0
0.0
0.0
0.0
0.0
0.0
0.0
0.0
0.0
0.0
0.0
0.0
0.0
0.0
0.0
0.0
0.0
0.0
0.0
0.0
0.0
0.0
0.0
0.0
0.0
0.0
0.0
0.0
0.0
0.0
0.0
0.0
0.0
0.0
0.0
0.0
0.0
0.0
0.0
0.0
0.0
0.0
0.0
0.0
0.0
0.0
0.0
0.0
0.0
0.0
0.0
0.0
0.0
0.0
0.0
0.0
0.0
0.0
0.0
0.0
0.0
0.0
0.0
0.0
0.0
0.0
0.0
0.0
0.0
0.0
0.0
0.0
0.0
0.0
0.0
0.0
0.0
0.0
0.0
0.0
0.0
0.0
0.0
0.0
0.0
0.0
0.0
0.0
0.0
0.0
0.0
0.0
0.0
0.0
0.0
0.0
0.0
0.0
0.0
0.0
0.0
0.0
0.0
0.0
0.0
0.0
0.0
0.0
0.0
0.0
0.0
0.0
0.0
0.0
0.0
0.0
0.0
0.0
0.0
0.0
0.0
0.0
0.0
0.0
0.0
0.0
0.0
0.0
0.0
0.0
0.0
0.0
0.0
0.0
0.0
0.0
0.0
0.0
0.0
0.0
0.0
0.0
0.0
0.0
0.0
0.0
0.0
0.0
0.0
0.0
0.0
0.0
0.0
0.0
0.0
0.0
0.0
0.0
0.0
0.0
0.0
0.0
0.0
0.0
0.0
0.0
0.0
0.0
0.0
0.0
0.0
0.0
0.0
0.0
0.0
0.0
0.0
0.0
0.0
0.0
0.0
0.0
0.0
0.0
0.0
0.0
0.0
0.0
0.0
0.0
0.0
0.0
0.0
0.0
0.0
0.0
0.0
0.0
0.0
0.0
0.0
0.0
0.0
0.0
0.0
0.0
0.0
0.0
0.0
0.0
0.0
0.0
0.0
0.0
0.0
0.0
0.0
0.0
0.0
0.0
0.0
0.0
0.0
0.0
0.0
0.0
0.0
0.0
0.0
0.0
0.0
0.0
0.0
0.0
0.0
0.0
0.0
0.0
0.0
0.0
0.0
0.0
0.0
0.0
0.0
0.0
0.0
0.0
0.0
0.0
0.0
0.0
0.0
0.0
0.0
0.0
0.0
0.0
0.0
0.0
0.0
0.0
0.0
0.0
0.0
0.0
0.0
0.0
0.0
0.0
0.0
0.0
0.0
0.0
0.0
0.0
0.0
0.0
0.0
0.0
0.0
0.0
0.0
0.0
0.0
0.0
0.0
0.0
0.0
0.0
0.0
0.0
0.0
0.0
0.0
0.0
0.0
0.0
0.0
0.0
0.0
0.0
0.0
0.0
0.0
0.0
0.0
0.0
0.0
0.0
0.0
0.0
0.0
0.0
0.0
0.0
0.0
0.0
0.0
0.0
0.0
0.0
0.0
0.0
0.0
0.0
0.0
0.0
0.0
0.0
0.0
0.0
0.0
0.0
0.0
0.0
0.0
0.0
0.0
0.0
0.0
0.0
0.0
0.0
0.0
0.0
0.0
0.0
0.0
0.0
0.0
0.0
0.0
0.0
0.0
0.0
0.0
0.0
0.0
0.0
0.0
0.0
0.0
