0.0
0.0
0.0
0.0
-887.3558897243109
-525.062656641604
609.796962691375
164.2360514987817
887.355889724311
525.062656641604
-164.2360514987817
-609.796962691375
0.0
0.0
0.0
0.0
0.0
0.0
0.0
0.0
0.0
0.0
0.0
0.0
0.0
0.0
0.0
0.0
-7.105427357601002e-14
-2.842170943040401e-14
0.0
0.0
0.0
0.0
0.0
0.0
0.0
0.0
0.0
0.0
0.0
0.0
0.0
0.0
0.0
0.0
0.0
0.0
0.0
0.0
0.0
0.0
0.0
0.0
0.0
0.0
0.0
0.0
-1569.9373433583978
-1207.644110275688
1078.8715493770376
829.9011918284907
638.3855321757641
491.06579398135455
377.7429184471973
1569.9373433583978
1207.644110275688
-1.9539925233402755e-14
-2.842170943040401e-14
-2.842170943040401e-14
-2.842170943040401e-14
-1.4210854715202004e-14
0.0
-1078.8715493770376
-829.9011918284907
-638.3855321757641
-491.06579398135455
-377.7429184471973
0.0
0.0
0.0
5.684341886080802e-14
1.1368683772161603e-13
1.4210854715202004e-13
1.1368683772161603e-13
1.1368683772161603e-13
0.0
0.0
0.0
0.0
0.0
1.1368683772161603e-13
1.1368683772161603e-13
1.1368683772161603e-13
1.1368683772161603e-13
1.1368683772161603e-13
0.0
0.0
0.0
0.0
0.0
0.0
0.0
0.0
0.0
0.0
0.0
0.0
0.0
0.0
0.0
0.0
0.0
0.0
0.0
0.0
0.0
0.0
0.0
0.0
0.0
0.0
0.0
0.0
0.0
0.0
0.0
0.0
0.0
0.0
0.0
0.0
0.0
0.0
0.0
-7.105427357601002e-15
0.0
-2.842170943040401e-14
0.0
7.105427357601002e-15
-2.842170943040401e-14
0.0
0.0
0.0
0.0
0.0
0.0
0.0
0.0
0.0
0.0
-5.684341886080802e-14
-5.684341886080802e-14
-7.105427357601002e-14
-2.842170943040401e-14
0.0
-1.1368683772161603e-13
0.0
0.0
0.0
0.0
0.0
0.0
0.0
-1.4210854715202004e-14
-5.684341886080802e-14
-7.105427357601002e-15
0.0
0.0
-9.947598300641403e-14
-5.684341886080802e-14
-7.105427357601002e-15
-2.1316282072803006e-14
0.0
0.0
0.0
0.0
0.0
0.0
0.0
0.0
0.0
0.0
0.0
0.0
0.0
0.0
-2.842170943040401e-14
-2.042810365310288e-14
0.0
0.0
-1.2878587085651816e-14
0.0
0.0
0.0
0.0
0.0
0.0
0.0
0.0
0.0
0.0
0.0
0.0
0.0
0.0
0.0
0.0
-5.684341886080802e-14
2.4868995751603507e-14
0.0
0.0
-5.684341886080802e-14
-1.1368683772161603e-13
-1.1368683772161603e-13
4.973799150320701e-14
0.0
0.0
0.0
0.0
0.0
0.0
0.0
-1.1368683772161603e-13
0.0
0.0
0.0
0.0
0.0
0.0
0.0
-8.526512829121202e-14
-5.684341886080802e-14
0.0
0.0
0.0
0.0
0.0
0.0
0.0
0.0
0.0
0.0
0.0
0.0
0.0
0.0
0.0
0.0
0.0
0.0
0.0
0.0
0.0
0.0
0.0
0.0
0.0
0.0
0.0
0.0
0.0
0.0
0.0
0.0
0.0
0.0
0.0
0.0
0.0
0.0
0.0
-1.1368683772161603e-13
-5.684341886080802e-14
0.0
0.0
5.684341886080802e-14
-1.1368683772161603e-13
0.0
0.0
0.0
-5.684341886080802e-14
5.684341886080802e-14
0.0
-5.684341886080802e-14
1.4210854715202004e-14
0.0
-8.526512829121202e-14
0.0
-5.684341886080802e-14
-1.1368683772161603e-13
0.0
0.0
0.0
0.0
0.0
0.0
0.0
0.0
0.0
0.0
0.0
-5.684341886080802e-14
-2.842170943040401e-14
-5.684341886080802e-14
5.684341886080802e-14
0.0
0.0
0.0
0.0
-2.842170943040401e-14
0.0
0.0
0.0
0.0
0.0
0.0
0.0
0.0
0.0
0.0
0.0
0.0
0.0
0.0
0.0
0.0
0.0
0.0
0.0
0.0
0.0
0.0
0.0
0.0
0.0
0.0
0.0
0.0
0.0
0.0
0.0
0.0
0.0
0.0
0.0
0.0
0.0
0.0
0.0
0.0
0.0
0.0
0.0
0.0
0.0
0.0
0.0
0.0
0.0
0.0
0.0
0.0
0.0
0.0
0.0
0.0
0.0
0.0
0.0
0.0
-7.105427357601002e-15
-8.526512829121202e-14
0.0
5.684341886080802e-14
1.1368683772161603e-13
0.0
5.684341886080802e-14
0.0
0.0
-5.684341886080802e-14
4.263256414560601e-14
-8.526512829121202e-14
-1.1368683772161603e-13
2.2737367544323206e-13
-1.0658141036401503e-13
-1.7053025658242404e-13
0.0
1.1368683772161603e-13
0.0
0.0
0.0
5.684341886080802e-14
-1.2789769243681803e-13
0.0
0.0
2.842170943040401e-14
0.0
0.0
-2.842170943040401e-14
5.684341886080802e-14
0.0
0.0
0.0
0.0
0.0
0.0
1.1368683772161603e-13
0.0
1.4210854715202004e-14
0.0
0.0
-5.684341886080802e-14
0.0
0.0
0.0
0.0
0.0
0.0
-5.684341886080802e-14
0.0
2.842170943040401e-14
1.4210854715202004e-14
0.0
0.0
8.526512829121202e-14
0.0
0.0
0.0
0.0
0.0
0.0
0.0
0.0
0.0
0.0
0.0
0.0
0.0
0.0
0.0
0.0
0.0
0.0
0.0
0.0
0.0
0.0
0.0
0.0
0.0
0.0
0.0
0.0
0.0
0.0
0.0
0.0
0.0
0.0
0.0
0.0
0.0
0.0
0.0
0.0
0.0
0.0
0.0
0.0
0.0
0.0
0.0
0.0
0.0
0.0
0.0
0.0
0.0
0.0
0.0
0.0
0.0
0.0
0.0
0.0
0.0
0.0
0.0
0.0
0.0
-1.7053025658242404e-13
1.1368683772161603e-13
0.0
0.0
5.684341886080802e-14
0.0
0.0
0.0
0.0
-5.684341886080802e-14
5.3290705182007514e-14
5.684341886080802e-14
-5.684341886080802e-14
0.0
0.0
4.263256414560601e-14
-1.4210854715202004e-14
0.0
0.0
-2.842170943040401e-14
2.842170943040401e-14
0.0
-2.842170943040401e-14
0.0
0.0
0.0
0.0
0.0
-5.684341886080802e-14
-3.552713678800501e-15
0.0
0.0
-5.684341886080802e-14
5.684341886080802e-14
3.375077994860476e-14
0.0
0.0
0.0
-2.842170943040401e-14
0.0
0.0
-1.1368683772161603e-13
0.0
0.0
1.4210854715202004e-14
0.0
0.0
-5.684341886080802e-14
7.105427357601002e-15
0.0
0.0
0.0
0.0
0.0
-2.842170943040401e-14
-2.842170943040401e-14
0.0
0.0
0.0
0.0
-2.842170943040401e-14
0.0
-2.842170943040401e-14
-2.842170943040401e-14
-2.842170943040401e-14
2.842170943040401e-14
0.0
0.0
0.0
0.0
0.0
0.0
0.0
0.0
0.0
0.0
0.0
0.0
0.0
0.0
0.0
0.0
0.0
0.0
0.0
0.0
0.0
0.0
0.0
0.0
0.0
0.0
0.0
0.0
0.0
0.0
0.0
0.0
0.0
0.0
0.0
0.0
0.0
0.0
0.0
0.0
0.0
0.0
0.0
0.0
0.0
0.0
0.0
0.0
0.0
0.0
0.0
0.0
0.0
0.0
0.0
0.0
0.0
0.0
0.0
0.0
0.0
0.0
0.0
0.0
0.0
-2.842170943040401e-14
-5.684341886080802e-14
0.0
-5.684341886080802e-14
-5.861977570020827e-14
0.0
0.0
5.684341886080802e-14
5.684341886080802e-14
-5.684341886080802e-14
-7.105427357601002e-15
-7.105427357601002e-15
0.0
-2.842170943040401e-14
0.0
-5.684341886080802e-14
-2.842170943040401e-14
-2.842170943040401e-14
0.0
0.0
0.0
0.0
0.0
-5.684341886080802e-14
0.0
0.0
2.842170943040401e-14
0.0
0.0
0.0
0.0
0.0
0.0
0.0
0.0
2.842170943040401e-14
0.0
0.0
0.0
0.0
0.0
0.0
0.0
0.0
0.0
0.0
0.0
0.0
0.0
0.0
0.0
0.0
0.0
0.0
0.0
0.0
0.0
0.0
0.0
0.0
0.0
0.0
0.0
0.0
0.0
0.0
0.0
0.0
0.0
0.0
0.0
0.0
0.0
0.0
0.0
0.0
0.0
0.0
0.0
0.0
0.0
0.0
0.0
-5.684341886080802e-14
0.0
0.0
-2.842170943040401e-14
-8.526512829121202e-14
0.0
-2.842170943040401e-14
5.684341886080802e-14
7.105427357601002e-15
7.105427357601002e-15
0.0
0.0
0.0
0.0
0.0
0.0
0.0
0.0
0.0
0.0
0.0
0.0
0.0
0.0
0.0
0.0
0.0
0.0
0.0
0.0
0.0
0.0
0.0
0.0
0.0
0.0
0.0
0.0
0.0
0.0
0.0
0.0
0.0
0.0
0.0
0.0
0.0
0.0
0.0
0.0
0.0
0.0
0.0
0.0
0.0
0.0
0.0
0.0
0.0
0.0
0.0
0.0
-4.263256414560601e-14
-4.263256414560601e-14
0.0
5.684341886080802e-14
1.1368683772161603e-13
1.1368683772161603e-13
5.684341886080802e-14
-2.1316282072803006e-14
-2.842170943040401e-14
-2.842170943040401e-14
0.0
0.0
-2.842170943040401e-14
-1.4210854715202004e-14
0.0
0.0
0.0
0.0
0.0
0.0
0.0
0.0
0.0
0.0
0.0
0.0
0.0
0.0
0.0
0.0
0.0
0.0
0.0
0.0
0.0
0.0
0.0
-1774.7117794486248
-1365.162907268168
-1050.1253132832078
1219.5939253827414
938.1491733713426
721.6532102856416
555.1178540658807
427.01373389683124
328.4721029975634
1774.7117794486248
1365.162907268168
1050.125313283208
-1.0658141036401503e-14
0.0
-2.842170943040401e-14
-2.842170943040401e-14
3.552713678800501e-15
-7.105427357601002e-15
-2.842170943040401e-14
-3.197442310920451e-14
-1219.5939253827414
-938.1491733713425
-721.6532102856416
-555.1178540658807
-427.0137338968313
-328.4721029975634
0.0
0.0
0.0
0.0
8.526512829121202e-14
6.039613253960852e-14
-7.105427357601002e-15
5.684341886080802e-14
1.7053025658242404e-13
1.3855583347321954e-13
0.0
0.0
0.0
0.0
0.0
0.0
2.842170943040401e-14
-2.842170943040401e-14
7.105427357601002e-15
0.0
9.237055564881302e-14
6.927791673660977e-14
0.0
0.0
0.0
0.0
0.0
0.0
0.0
0.0
0.0
0.0
0.0
0.0
0.0
0.0
0.0
0.0
0.0
0.0
0.0
0.0
0.0
0.0
0.0
0.0
0.0
0.0
0.0
0.0
0.0
0.0
0.0
0.0
0.0
0.0
0.0
0.0
0.0
0.0
0.0
0.0
0.0
0.0
0.0
0.0
0.0
0.0
0.0
0.0
0.0
0.0
0.0
0.0
0.0
-2.6645352591003757e-14
-3.197442310920451e-14
-3.730349362740526e-14
-7.105427357601002e-15
-2.842170943040401e-14
-2.1316282072803006e-14
-1.7763568394002505e-15
-3.730349362740526e-14
-2.1316282072803006e-14
-2.842170943040401e-14
0.0
0.0
0.0
0.0
0.0
0.0
0.0
0.0
0.0
0.0
0.0
0.0
-1.4210854715202004e-14
0.0
-2.842170943040401e-14
4.085620730620576e-14
-2.842170943040401e-14
-4.263256414560601e-14
-5.684341886080802e-14
-1.2434497875801753e-14
0.0
0.0
0.0
0.0
0.0
0.0
0.0
0.0
1.4210854715202004e-14
-2.842170943040401e-14
-4.263256414560601e-14
-7.105427357601002e-15
-7.105427357601002e-15
-2.4868995751603507e-14
-2.842170943040401e-14
1.4210854715202004e-14
0.0
-7.105427357601002e-15
-1.4210854715202004e-14
-1.7763568394002505e-15
0.0
0.0
0.0
0.0
0.0
0.0
0.0
0.0
0.0
0.0
0.0
0.0
0.0
0.0
0.0
0.0
0.0
0.0
-2.4868995751603507e-14
-1.7763568394002505e-15
-1.9984014443252818e-14
-3.552713678800501e-14
-2.3092638912203256e-14
1.7763568394002505e-15
-2.930988785010413e-14
-7.105427357601002e-15
0.0
0.0
-1.4210854715202004e-14
-2.842170943040401e-14
0.0
1.4210854715202004e-13
2.842170943040401e-14
3.552713678800501e-14
5.684341886080802e-14
0.0
-5.684341886080802e-14
-4.263256414560601e-14
0.0
0.0
-2.842170943040401e-14
-1.4210854715202004e-14
0.0
0.0
0.0
-2.842170943040401e-14
0.0
5.684341886080802e-14
0.0
0.0
0.0
0.0
0.0
0.0
0.0
0.0
0.0
0.0
5.684341886080802e-14
-5.684341886080802e-14
0.0
0.0
0.0
0.0
0.0
0.0
0.0
0.0
0.0
0.0
0.0
0.0
0.0
0.0
0.0
0.0
0.0
0.0
0.0
0.0
0.0
0.0
0.0
0.0
0.0
0.0
0.0
0.0
0.0
0.0
0.0
0.0
0.0
0.0
0.0
0.0
0.0
0.0
0.0
0.0
0.0
0.0
0.0
0.0
0.0
0.0
0.0
0.0
0.0
0.0
0.0
0.0
0.0
0.0
0.0
0.0
0.0
0.0
0.0
0.0
0.0
0.0
0.0
0.0
0.0
0.0
0.0
0.0
0.0
0.0
0.0
0.0
0.0
0.0
0.0
0.0
0.0
0.0
0.0
0.0
0.0
0.0
0.0
0.0
-5.684341886080802e-14
5.684341886080802e-14
-5.684341886080802e-14
-1.1368683772161603e-13
5.684341886080802e-14
-5.684341886080802e-14
0.0
0.0
0.0
0.0
0.0
0.0
0.0
0.0
0.0
0.0
0.0
0.0
0.0
0.0
0.0
0.0
0.0
0.0
0.0
0.0
0.0
0.0
0.0
0.0
0.0
0.0
0.0
0.0
0.0
0.0
0.0
0.0
0.0
0.0
0.0
0.0
0.0
0.0
0.0
0.0
0.0
0.0
0.0
0.0
0.0
0.0
0.0
0.0
0.0
0.0
0.0
0.0
0.0
0.0
0.0
0.0
0.0
0.0
0.0
0.0
0.0
0.0
0.0
0.0
0.0
0.0
0.0
0.0
0.0
0.0
0.0
0.0
0.0
0.0
0.0
0.0
0.0
0.0
0.0
0.0
0.0
0.0
0.0
0.0
0.0
0.0
0.0
0.0
0.0
0.0
0.0
0.0
0.0
0.0
0.0
0.0
0.0
0.0
0.0
0.0
0.0
0.0
0.0
0.0
0.0
0.0
0.0
0.0
0.0
0.0
0.0
0.0
0.0
0.0
1.1368683772161603e-13
5.684341886080802e-14
2.2737367544323206e-13
-8.526512829121202e-14
0.0
0.0
0.0
0.0
0.0
0.0
0.0
0.0
0.0
0.0
0.0
0.0
0.0
0.0
0.0
0.0
0.0
0.0
0.0
0.0
0.0
0.0
0.0
0.0
0.0
0.0
0.0
0.0
0.0
0.0
0.0
0.0
0.0
0.0
0.0
0.0
0.0
0.0
0.0
0.0
0.0
0.0
-1.7053025658242404e-13
8.526512829121202e-14
1.1368683772161603e-13
-1.1368683772161603e-13
2.842170943040401e-14
-2.842170943040401e-14
2.842170943040401e-14
1.4210854715202004e-14
0.0
0.0
0.0
0.0
0.0
0.0
0.0
0.0
0.0
0.0
0.0
0.0
2.842170943040401e-14
5.684341886080802e-14
-2.842170943040401e-14
0.0
-5.684341886080802e-14
0.0
0.0
0.0
0.0
0.0
0.0
0.0
0.0
0.0
0.0
0.0
0.0
0.0
0.0
0.0
0.0
0.0
0.0
0.0
0.0
0.0
0.0
0.0
0.0
0.0
0.0
0.0
0.0
0.0
0.0
0.0
0.0
0.0
0.0
0.0
0.0
0.0
0.0
0.0
0.0
0.0
0.0
0.0
0.0
0.0
0.0
0.0
0.0
0.0
0.0
0.0
0.0
0.0
0.0
0.0
0.0
0.0
0.0
0.0
0.0
0.0
0.0
0.0
0.0
0.0
0.0
0.0
0.0
0.0
0.0
0.0
0.0
0.0
0.0
0.0
0.0
0.0
0.0
0.0
0.0
0.0
0.0
0.0
0.0
0.0
0.0
0.0
0.0
0.0
0.0
0.0
0.0
0.0
0.0
0.0
0.0
0.0
0.0
0.0
0.0
0.0
0.0
0.0
0.0
0.0
0.0
0.0
0.0
0.0
0.0
0.0
0.0
0.0
0.0
0.0
0.0
0.0
0.0
0.0
0.0
0.0
0.0
0.0
0.0
0.0
0.0
0.0
0.0
0.0
0.0
0.0
0.0
0.0
0.0
0.0
0.0
0.0
0.0
0.0
0.0
0.0
0.0
0.0
0.0
0.0
0.0
0.0
0.0
0.0
0.0
0.0
0.0
0.0
0.0
0.0
0.0
0.0
0.0
0.0
5.684341886080802e-14
-5.684341886080802e-14
0.0
-2.842170943040401e-14
0.0
0.0
0.0
0.0
0.0
1.1368683772161603e-13
0.0
-2.842170943040401e-14
0.0
0.0
4.263256414560601e-14
8.526512829121202e-14
1.1368683772161603e-13
0.0
0.0
0.0
0.0
0.0
0.0
-7.815970093361102e-14
5.684341886080802e-14
1.4210854715202004e-14
0.0
0.0
0.0
0.0
0.0
5.684341886080802e-14
-5.684341886080802e-14
-5.684341886080802e-14
2.842170943040401e-14
5.684341886080802e-14
0.0
0.0
-2.842170943040401e-14
1.1368683772161603e-13
0.0
-2.842170943040401e-14
-5.684341886080802e-14
-1.1368683772161603e-13
-5.684341886080802e-14
-4.973799150320701e-14
5.684341886080802e-14
5.684341886080802e-14
0.0
8.526512829121202e-14
-5.684341886080802e-14
0.0
-8.526512829121202e-14
2.2737367544323206e-13
2.842170943040401e-14
0.0
0.0
-5.684341886080802e-14
-2.842170943040401e-14
0.0
-5.684341886080802e-14
-8.526512829121202e-14
0.0
0.0
0.0
0.0
0.0
0.0
0.0
0.0
0.0
8.881784197001252e-15
0.0
9.325873406851315e-14
0.0
0.0
0.0
0.0
0.0
-1.1368683772161603e-13
-1.1368683772161603e-13
0.0
0.0
0.0
0.0
0.0
0.0
0.0
0.0
0.0
0.0
5.684341886080802e-14
0.0
0.0
5.684341886080802e-14
0.0
-5.684341886080802e-14
5.684341886080802e-14
0.0
2.842170943040401e-14
0.0
0.0
0.0
0.0
0.0
0.0
0.0
0.0
0.0
0.0
0.0
0.0
0.0
0.0
0.0
0.0
0.0
0.0
0.0
0.0
0.0
0.0
0.0
0.0
0.0
0.0
0.0
0.0
0.0
0.0
5.684341886080802e-14
5.684341886080802e-14
0.0
5.684341886080802e-14
0.0
0.0
0.0
0.0
0.0
-5.684341886080802e-14
2.842170943040401e-14
-5.684341886080802e-14
5.684341886080802e-14
-1.4210854715202004e-14
-5.684341886080802e-14
0.0
0.0
0.0
0.0
0.0
0.0
0.0
0.0
0.0
0.0
0.0
0.0
0.0
0.0
0.0
0.0
0.0
0.0
0.0
0.0
0.0
-5.684341886080802e-14
1.4210854715202004e-14
-1.4210854715202004e-14
0.0
0.0
0.0
0.0
0.0
-2.842170943040401e-14
-4.263256414560601e-14
4.618527782440651e-14
5.684341886080802e-14
-5.684341886080802e-14
0.0
0.0
0.0
1.4210854715202004e-14
7.105427357601002e-15
0.0
0.0
0.0
0.0
0.0
0.0
0.0
0.0
0.0
0.0
0.0
1.4210854715202004e-14
-2.842170943040401e-14
2.842170943040401e-14
-2.842170943040401e-14
2.1316282072803006e-14
0.0
0.0
0.0
0.0
0.0
0.0
0.0
0.0
0.0
0.0
0.0
0.0
0.0
0.0
0.0
-2.842170943040401e-14
2.842170943040401e-14
0.0
-5.684341886080802e-14
-3.730349362740526e-14
0.0
0.0
0.0
0.0
0.0
0.0
0.0
0.0
0.0
0.0
0.0
0.0
0.0
0.0
0.0
0.0
0.0
0.0
0.0
0.0
0.0
0.0
0.0
0.0
0.0
0.0
0.0
0.0
0.0
0.0
0.0
0.0
0.0
0.0
0.0
0.0
0.0
0.0
0.0
0.0
0.0
0.0
0.0
0.0
0.0
0.0
0.0
0.0
0.0
0.0
0.0
0.0
0.0
0.0
0.0
0.0
0.0
0.0
0.0
0.0
0.0
0.0
0.0
0.0
0.0
0.0
0.0
0.0
0.0
0.0
0.0
0.0
0.0
0.0
0.0
0.0
0.0
0.0
0.0
0.0
0.0
0.0
0.0
0.0
0.0
0.0
0.0
0.0
0.0
0.0
0.0
0.0
0.0
0.0
0.0
0.0
0.0
0.0
0.0
0.0
0.0
0.0
0.0
0.0
0.0
0.0
0.0
0.0
0.0
0.0
0.0
0.0
0.0
0.0
0.0
0.0
0.0
0.0
0.0
0.0
0.0
0.0
0.0
0.0
0.0
0.0
0.0
0.0
0.0
0.0
0.0
0.0
0.0
0.0
0.0
0.0
0.0
0.0
0.0
0.0
0.0
0.0
0.0
0.0
0.0
0.0
0.0
0.0
0.0
0.0
0.0
0.0
0.0
0.0
0.0
0.0
0.0
0.0
0.0
0.0
0.0
0.0
0.0
0.0
0.0
0.0
0.0
0.0
0.0
0.0
0.0
0.0
0.0
0.0
0.0
0.0
0.0
0.0
0.0
0.0
0.0
0.0
0.0
0.0
0.0
0.0
0.0
0.0
0.0
0.0
0.0
0.0
0.0
0.0
0.0
0.0
0.0
0.0
0.0
0.0
0.0
0.0
0.0
0.0
0.0
0.0
0.0
0.0
1.1368683772161603e-13
0.0
0.0
0.0
0.0
-5.684341886080802e-14
5.684341886080802e-14
0.0
0.0
5.684341886080802e-14
0.0
-1.1368683772161603e-13
0.0
0.0
-1.1368683772161603e-13
0.0
0.0
0.0
-1.1368683772161603e-13
1.1368683772161603e-13
0.0
0.0
0.0
0.0
0.0
0.0
0.0
0.0
0.0
0.0
0.0
0.0
0.0
-2.842170943040401e-14
5.995204332975845e-14
1.7053025658242404e-13
0.0
0.0
4.973799150320701e-14
0.0
1.1368683772161603e-13
0.0
0.0
0.0
1.1368683772161603e-13
0.0
-8.526512829121202e-14
5.684341886080802e-14
0.0
2.842170943040401e-14
2.4868995751603507e-14
0.0
1.1368683772161603e-13
0.0
0.0
2.842170943040401e-14
0.0
8.526512829121202e-14
-5.684341886080802e-14
-2.842170943040401e-14
0.0
5.684341886080802e-14
0.0
0.0
0.0
0.0
-5.684341886080802e-14
0.0
5.684341886080802e-14
-5.684341886080802e-14
5.684341886080802e-14
-5.684341886080802e-14
0.0
-5.684341886080802e-14
0.0
0.0
0.0
0.0
7.105427357601002e-14
3.552713678800501e-14
8.526512829121202e-14
0.0
5.684341886080802e-14
3.6415315207705135e-14
-5.684341886080802e-14
0.0
0.0
0.0
0.0
-7.105427357601002e-15
-2.842170943040401e-14
0.0
5.684341886080802e-14
0.0
-5.684341886080802e-14
-3.552713678800501e-15
-5.684341886080802e-14
2.842170943040401e-14
0.0
-8.526512829121202e-14
2.842170943040401e-14
-5.684341886080802e-14
8.526512829121202e-14
5.684341886080802e-14
2.842170943040401e-14
-7.105427357601002e-14
0.0
2.842170943040401e-14
0.0
0.0
0.0
0.0
5.684341886080802e-14
2.842170943040401e-14
-5.684341886080802e-14
-2.842170943040401e-14
0.0
5.684341886080802e-14
7.105427357601002e-15
0.0
5.684341886080802e-14
0.0
0.0
0.0
5.684341886080802e-14
5.684341886080802e-14
1.8207657603852567e-14
2.842170943040401e-14
0.0
-5.684341886080802e-14
6.217248937900877e-14
0.0
0.0
0.0
5.684341886080802e-14
4.263256414560601e-14
2.842170943040401e-14
5.684341886080802e-14
0.0
0.0
4.263256414560601e-14
-5.684341886080802e-14
0.0
0.0
0.0
0.0
0.0
3.552713678800501e-14
-2.842170943040401e-14
-5.684341886080802e-14
5.684341886080802e-14
0.0
-7.105427357601002e-15
8.526512829121202e-14
0.0
-5.684341886080802e-14
0.0
0.0
0.0
0.0
0.0
4.263256414560601e-14
2.842170943040401e-14
0.0
2.842170943040401e-14
4.263256414560601e-14
5.684341886080802e-14
0.0
0.0
0.0
0.0
0.0
0.0
0.0
0.0
0.0
0.0
5.684341886080802e-14
0.0
0.0
0.0
0.0
0.0
0.0
5.684341886080802e-14
0.0
2.842170943040401e-14
3.197442310920451e-14
-5.684341886080802e-14
0.0
0.0
-1.0658141036401503e-13
5.684341886080802e-14
0.0
7.105427357601002e-15
8.526512829121202e-14
0.0
0.0
0.0
0.0
0.0
0.0
0.0
0.0
0.0
0.0
0.0
0.0
0.0
0.0
0.0
0.0
0.0
0.0
0.0
-1.4210854715202004e-14
0.0
1.4210854715202004e-14
0.0
2.842170943040401e-14
0.0
0.0
0.0
0.0
0.0
0.0
0.0
0.0
0.0
0.0
0.0
0.0
0.0
0.0
0.0
0.0
-5.684341886080802e-14
0.0
0.0
0.0
-2.842170943040401e-14
2.842170943040401e-14
0.0
0.0
0.0
0.0
0.0
-1.4210854715202004e-14
0.0
0.0
-2.842170943040401e-14
2.842170943040401e-14
0.0
-2.842170943040401e-14
-2.842170943040401e-14
0.0
-1.3766765505351941e-14
-2.842170943040401e-14
2.842170943040401e-14
0.0
-2.7533531010703882e-14
0.0
0.0
0.0
0.0
0.0
0.0
0.0
0.0
0.0
0.0
0.0
0.0
0.0
0.0
0.0
0.0
0.0
0.0
0.0
0.0
0.0
0.0
0.0
0.0
0.0
0.0
0.0
0.0
0.0
0.0
0.0
0.0
0.0
0.0
0.0
0.0
0.0
0.0
0.0
0.0
0.0
0.0
0.0
0.0
0.0
0.0
0.0
0.0
0.0
0.0
0.0
0.0
0.0
0.0
0.0
0.0
0.0
0.0
0.0
0.0
0.0
0.0
0.0
0.0
0.0
0.0
0.0
0.0
0.0
0.0
0.0
0.0
0.0
0.0
0.0
0.0
0.0
0.0
0.0
0.0
0.0
0.0
0.0
0.0
0.0
0.0
0.0
0.0
0.0
0.0
0.0
0.0
0.0
0.0
0.0
0.0
0.0
0.0
0.0
0.0
0.0
0.0
0.0
0.0
0.0
0.0
0.0
0.0
0.0
0.0
0.0
0.0
0.0
0.0
0.0
0.0
0.0
0.0
0.0
0.0
0.0
0.0
0.0
0.0
0.0
0.0
0.0
0.0
0.0
0.0
0.0
0.0
0.0
0.0
0.0
0.0
0.0
0.0
0.0
0.0
0.0
0.0
0.0
0.0
0.0
0.0
0.0
0.0
0.0
0.0
0.0
0.0
0.0
0.0
0.0
0.0
0.0
0.0
0.0
0.0
0.0
0.0
0.0
0.0
0.0
0.0
0.0
0.0
0.0
0.0
0.0
0.0
0.0
0.0
0.0
0.0
0.0
0.0
0.0
0.0
0.0
0.0
0.0
0.0
0.0
0.0
0.0
0.0
0.0
0.0
0.0
0.0
0.0
0.0
0.0
0.0
0.0
0.0
0.0
0.0
0.0
0.0
0.0
0.0
0.0
0.0
0.0
0.0
0.0
0.0
0.0
0.0
0.0
0.0
0.0
0.0
0.0
0.0
0.0
0.0
0.0
0.0
0.0
0.0
0.0
0.0
0.0
0.0
0.0
0.0
0.0
0.0
0.0
0.0
0.0
0.0
0.0
0.0
0.0
0.0
0.0
0.0
0.0
0.0
0.0
0.0
0.0
0.0
0.0
0.0
0.0
0.0
-5.684341886080802e-14
2.842170943040401e-14
0.0
1.7053025658242404e-13
2.842170943040401e-14
5.684341886080802e-14
8.526512829121202e-14
-5.684341886080802e-14
-7.105427357601002e-14
0.0
0.0
0.0
0.0
0.0
0.0
5.684341886080802e-14
1.1368683772161603e-13
0.0
0.0
-5.684341886080802e-14
-9.237055564881302e-14
-2.842170943040401e-14
0.0
0.0
0.0
5.684341886080802e-14
0.0
2.842170943040401e-14
2.842170943040401e-14
0.0
0.0
0.0
0.0
0.0
0.0
0.0
0.0
0.0
0.0
-5.684341886080802e-14
2.842170943040401e-14
4.263256414560601e-14
8.526512829121202e-14
2.842170943040401e-14
2.842170943040401e-14
2.842170943040401e-14
0.0
-2.842170943040401e-14
8.770761894538737e-14
0.0
0.0
2.842170943040401e-14
0.0
-8.970602038971265e-14
0.0
0.0
2.842170943040401e-14
2.842170943040401e-14
2.842170943040401e-14
5.684341886080802e-14
-4.263256414560601e-14
-5.684341886080802e-14
2.842170943040401e-14
5.684341886080802e-14
0.0
0.0
0.0
0.0
0.0
-8.526512829121202e-14
-7.815970093361102e-14
2.842170943040401e-14
-2.842170943040401e-14
0.0
-1.2434497875801753e-14
7.105427357601002e-15
-2.842170943040401e-14
-2.842170943040401e-14
-5.684341886080802e-14
2.2648549702353193e-14
1.4210854715202004e-14
0.0
0.0
0.0
0.0
0.0
5.684341886080802e-14
-5.684341886080802e-14
-7.105427357601002e-15
4.263256414560601e-14
-2.842170943040401e-14
-5.684341886080802e-14
1.1368683772161603e-13
0.0
1.4210854715202004e-14
0.0
-2.842170943040401e-14
0.0
2.842170943040401e-14
-3.552713678800501e-14
-2.842170943040401e-14
0.0
5.684341886080802e-14
-2.842170943040401e-14
1.4210854715202004e-14
5.684341886080802e-14
0.0
0.0
2.842170943040401e-14
1.4210854715202004e-14
0.0
-5.684341886080802e-14
0.0
2.842170943040401e-14
0.0
0.0
0.0
0.0
0.0
1.4210854715202004e-14
4.263256414560601e-14
0.0
2.842170943040401e-14
2.842170943040401e-14
-1.4210854715202004e-14
-5.684341886080802e-14
0.0
4.263256414560601e-14
-2.842170943040401e-14
5.684341886080802e-14
2.842170943040401e-14
1.4210854715202004e-14
0.0
-2.842170943040401e-14
8.526512829121202e-14
2.842170943040401e-14
1.4210854715202004e-14
2.842170943040401e-14
-2.842170943040401e-14
0.0
0.0
-3.552713678800501e-14
0.0
0.0
-5.684341886080802e-14
0.0
-7.105427357601002e-15
0.0
0.0
0.0
0.0
0.0
0.0
0.0
0.0
0.0
0.0
0.0
0.0
0.0
0.0
0.0
0.0
2.842170943040401e-14
-2.842170943040401e-14
-2.842170943040401e-14
-4.263256414560601e-14
0.0
2.842170943040401e-14
0.0
-7.105427357601002e-14
-1.4210854715202004e-14
0.0
0.0
0.0
0.0
0.0
0.0
0.0
0.0
0.0
0.0
0.0
0.0
0.0
0.0
0.0
0.0
0.0
0.0
0.0
0.0
0.0
0.0
0.0
0.0
0.0
0.0
0.0
0.0
0.0
0.0
0.0
0.0
0.0
0.0
0.0
0.0
0.0
0.0
0.0
0.0
0.0
0.0
0.0
0.0
0.0
0.0
0.0
0.0
0.0
0.0
0.0
0.0
0.0
0.0
0.0
0.0
0.0
0.0
0.0
0.0
0.0
0.0
0.0
0.0
0.0
0.0
0.0
0.0
0.0
0.0
0.0
0.0
0.0
0.0
0.0
0.0
0.0
0.0
0.0
0.0
0.0
0.0
0.0
0.0
0.0
0.0
0.0
0.0
0.0
0.0
0.0
0.0
0.0
0.0
0.0
0.0
0.0
0.0
0.0
0.0
0.0
0.0
0.0
0.0
0.0
0.0
0.0
0.0
0.0
0.0
0.0
0.0
0.0
0.0
0.0
0.0
0.0
0.0
0.0
0.0
0.0
0.0
0.0
0.0
0.0
0.0
0.0
0.0
0.0
0.0
0.0
0.0
0.0
0.0
0.0
0.0
0.0
0.0
0.0
0.0
0.0
0.0
0.0
0.0
0.0
0.0
0.0
0.0
0.0
0.0
0.0
0.0
0.0
0.0
0.0
0.0
0.0
0.0
0.0
0.0
0.0
0.0
0.0
0.0
0.0
0.0
0.0
0.0
0.0
0.0
0.0
0.0
0.0
0.0
0.0
0.0
0.0
0.0
0.0
0.0
0.0
0.0
0.0
0.0
0.0
0.0
0.0
0.0
0.0
0.0
0.0
0.0
0.0
-2.842170943040401e-14
-5.3290705182007514e-14
2.842170943040401e-14
2.842170943040401e-14
2.842170943040401e-14
0.0
0.0
0.0
0.0
0.0
0.0
0.0
0.0
0.0
-5.684341886080802e-14
0.0
0.0
-1.4210854715202004e-14
-7.105427357601002e-15
-2.842170943040401e-14
-2.842170943040401e-14
0.0
2.842170943040401e-14
2.842170943040401e-14
0.0
0.0
0.0
0.0
0.0
0.0
0.0
0.0
0.0
-2.842170943040401e-14
0.0
1.865174681370263e-14
0.0
5.684341886080802e-14
-2.842170943040401e-14
-2.842170943040401e-14
0.0
-5.684341886080802e-14
-2.930988785010413e-14
-2.842170943040401e-14
7.105427357601002e-14
0.0
0.0
-5.684341886080802e-14
0.0
-8.881784197001252e-15
0.0
2.842170943040401e-14
0.0
-2.842170943040401e-14
-1.0658141036401503e-14
0.0
0.0
0.0
0.0
0.0
0.0
0.0
0.0
0.0
0.0
0.0
0.0
0.0
0.0
0.0
0.0
0.0
0.0
0.0
0.0
0.0
0.0
0.0
0.0
0.0
0.0
0.0
0.0
0.0
0.0
0.0
0.0
0.0
0.0
0.0
0.0
0.0
0.0
0.0
0.0
0.0
0.0
0.0
0.0
0.0
0.0
0.0
0.0
0.0
0.0
0.0
0.0
0.0
0.0
0.0
0.0
0.0
0.0
0.0
0.0
0.0
0.0
0.0
0.0
0.0
0.0
0.0
0.0
0.0
0.0
0.0
0.0
0.0
0.0
0.0
0.0
0.0
0.0
0.0
0.0
0.0
0.0
0.0
0.0
0.0
0.0
0.0
0.0
0.0
0.0
0.0
0.0
0.0
0.0
0.0
0.0
0.0
0.0
0.0
0.0
0.0
0.0
0.0
0.0
0.0
0.0
0.0
0.0
0.0
0.0
0.0
0.0
0.0
0.0
0.0
0.0
0.0
0.0
0.0
0.0
0.0
0.0
0.0
0.0
0.0
0.0
0.0
0.0
0.0
0.0
0.0
0.0
0.0
0.0
0.0
0.0
0.0
0.0
0.0
0.0
0.0
0.0
0.0
0.0
-2.842170943040401e-14
-2.842170943040401e-14
2.842170943040401e-14
7.105427357601002e-15
3.552713678800501e-14
-2.842170943040401e-14
0.0
0.0
7.105427357601002e-15
1.4210854715202004e-14
0.0
0.0
0.0
0.0
0.0
0.0
0.0
0.0
0.0
0.0
0.0
0.0
0.0
0.0
0.0
0.0
0.0
0.0
0.0
0.0
0.0
0.0
0.0
0.0
0.0
0.0
0.0
0.0
0.0
0.0
0.0
0.0
0.0
0.0
0.0
0.0
0.0
0.0
0.0
0.0
0.0
0.0
0.0
0.0
0.0
0.0
0.0
0.0
0.0
0.0
0.0
0.0
0.0
0.0
0.0
0.0
0.0
0.0
0.0
0.0
0.0
0.0
0.0
0.0
0.0
0.0
0.0
0.0
0.0
0.0
0.0
0.0
0.0
0.0
0.0
0.0
0.0
0.0
0.0
0.0
0.0
0.0
0.0
0.0
0.0
0.0
0.0
0.0
0.0
0.0
0.0
0.0
0.0
0.0
0.0
5.684341886080802e-14
0.0
0.0
0.0
0.0
0.0
0.0
0.0
0.0
0.0
0.0
-5.684341886080802e-14
0.0
0.0
0.0
0.0
0.0
-2.842170943040401e-14
0.0
0.0
0.0
0.0
0.0
0.0
-2.842170943040401e-14
0.0
0.0
0.0
0.0
0.0
0.0
0.0
0.0
0.0
0.0
