49	794	1152	5
17	1672	874	2
7	1849	847	5
297	1248	1246	2
157	1015	935	4
406	1569	1568	1
453	1759	1758	5
558	2140	2139	2
78	1002	830	4
29	2406	928	3
154	1014	931	3
12	2330	835	5
8	1680	813	2
97	1005	853	2
30	2413	932	4
96	852	1105	3
222	1097	3049	2
466	1803	1802	1
66	814	1437	2
31	2965	921	1
127	897	1108	2
226	1109	3051	2
424	1634	2142	2
78	830	1686	2
15	1184	860	1
50	795	1077	1
479	1844	1843	1
100	858	1191	2
137	1008	2550	2
160	939	2539	1
141	1011	2545	2
116	882	1264	1
498	1900	1899	2
55	800	1331	1
38	2103	943	1
641	2474	2473	1
626	2408	2407	3
431	1674	1673	2
424	1635	1634	2
86	840	1102	4
92	1004	847	3
466	1806	1803	1
82	1003	835	4
269	1187	1846	1
25	2955	906	3
5	1403	853	5
26	2960	911	4
98	855	1156	5
188	1064	1063	2
73	824	1045	2
28	3025	965	1
172	1036	1035	2
712	2788	2787	3
167	1026	1025	2
713	2795	2794	4
84	1481	1220	4
188	974	2554	3
94	1485	1222	3
191	1070	1069	2
148	1013	1133	2
628	2421	2420	1
270	1189	3059	2
191	978	2559	4
41	1363	1155	5
41	786	1170	5
625	2401	2459	1
244	1138	1393	5
43	788	1167	5
80	832	2296	5
143	1012	1129	2
188	1065	974	2
105	866	1088	5
45	1158	1140	5
51	796	1371	1
191	1071	978	2
52	797	2145	1
56	801	1329	1
9	814	1100	4
57	802	1354	1
176	1044	959	2
112	2079	1655	1
246	1141	1355	1
46	791	1142	5
14	1197	854	2
5	805	1103	3
384	1485	3069	3
247	1143	1360	5
312	1291	1683	2
88	842	2229	5
45	790	1158	5
388	1502	1501	3
90	844	2300	5
62	1269	810	3
7	1515	846	2
551	2112	2557	3
392	1515	1516	2
89	843	2238	5
481	1849	1871	5
383	1481	3060	4
316	1304	1637	2
12	1535	834	2
70	820	1053	2
180	1052	964	2
622	2387	2424	1
363	1417	2333	5
68	1048	817	2
63	1624	811	3
65	1001	813	3
64	1648	812	3
625	2402	2401	1
71	1001	1650	3
71	1041	821	2
68	1665	818	4
430	1667	1666	4
552	2116	2562	4
1	785	1154	5
387	1497	1496	4
23	1215	883	2
75	1266	827	4
399	1536	2038	2
70	1615	820	4
74	826	2034	2
81	833	2605	5
82	1417	836	5
399	1535	1536	2
398	1531	1532	2
271	1194	1457	2
287	1219	1965	2
76	1644	828	4
84	837	2322	5
310	1285	1670	4
77	1668	829	4
85	1876	1452	4
75	1497	1266	4
9	840	1429	5
138	2806	912	4
223	1101	1889	4
492	1876	3063	4
268	1181	1180	2
606	2345	2344	5
370	1443	1440	2
295	1239	1902	2
276	1208	1518	2
392	1516	2023	2
268	1182	1428	2
266	1174	1435	2
391	1512	2049	2
89	1467	1433	2
427	1651	1650	3
251	1148	1718	5
72	1288	823	3
73	1630	824	3
92	2309	848	5
62	1502	1269	3
773	3066	849	3
134	2801	907	3
224	1104	1895	3
95	851	1450	3
296	1243	1241	2
133	904	1094	2
42	787	1137	5
366	1430	2217	5
441	1711	2218	5
207	1080	1192	2
79	1193	1079	2
117	1524	884	2
53	798	1691	1
761	3025	3043	1
269	1186	1185	1
384	1486	1925	3
14	854	1086	5
478	1842	1838	5
292	1228	1224	2
59	1225	806	2
292	1224	1226	2
136	908	2487	3
58	803	1338	1
4	1163	873	1
262	1163	1164	1
313	1293	1675	2
18	1295	901	2
16	1202	869	2
159	2085	1612	1
428	1657	1654	1
111	1058	874	1
316	1305	1304	2
124	894	2076	2
330	1334	1694	1
429	1662	1659	1
115	1660	880	1
114	1062	879	1
80	833	1454	2
123	892	1091	2
23	1476	1215	2
221	1096	1234	1
398	1532	2110	2
293	1233	1555	1
89	844	1467	2
534	2045	2046	2
91	1208	845	2
220	1095	1238	1
120	1571	888	2
294	1237	1559	1
293	1231	1233	1
333	1343	1342	1
125	895	1607	2
22	882	2074	2
686	2683	2682	1
27	3030	960	1
67	1441	816	2
54	799	1702	1
268	1180	1439	2
327	1330	1704	1
268	1183	1445	2
28	922	3039	1
720	2837	2832	1
591	2293	2290	1
425	1640	1639	2
314	1295	1296	2
59	1005	1198	2
16	1420	905	1
364	1420	1421	1
108	1824	1421	1
108	871	1824	1
142	2917	916	1
388	1503	1917	3
647	2502	2501	3
136	2549	1057	2
135	1007	907	2
112	1655	875	1
683	2667	2666	1
521	1989	2516	3
182	1056	967	2
140	913	2492	4
83	1930	1919	4
646	2497	2496	4
139	1010	912	2
309	1283	1663	1
753	2982	2983	1
140	2544	1061	2
185	1060	971	2
165	2518	946	3
238	1126	3083	2
579	2233	2289	1
406	2667	2363	1
142	3008	2917	1
143	3009	917	1
650	2514	3054	3
174	1041	957	2
644	2486	2805	3
121	1557	888	1
170	2523	952	4
237	1122	3085	2
205	1076	1078	1
124	2833	894	1
744	2937	3082	1
759	3017	3014	1
520	1986	2512	4
240	1134	3081	2
645	2491	2810	4
403	1553	2389	1
131	902	1275	2
60	1894	806	3
132	903	1117	2
219	1093	1244	2
107	1203	1085	2
228	1116	1276	2
627	2415	2414	4
67	1888	815	4
126	896	1114	2
225	1107	1249	2
128	898	1177	2
227	1113	1255	2
754	2990	3047	1
654	2534	2533	3
160	1017	939	2
755	2994	3080	1
134	1017	906	2
298	1252	2403	1
545	2091	2929	1
653	2529	2528	4
163	1019	943	2
149	925	2919	1
138	1019	911	2
747	2953	2949	1
145	919	1022	2
145	1023	920	2
167	1025	1127	2
165	1021	945	2
158	1027	937	2
165	946	1022	2
168	1029	1028	2
31	921	1124	2
160	1029	1016	2
168	1027	948	2
150	925	1032	2
150	1033	926	2
172	1035	1123	2
170	1031	951	2
161	1037	941	2
170	952	1032	2
173	1039	1038	2
32	927	1120	2
163	1039	1018	2
173	1037	954	2
743	2933	3023	1
72	3090	822	2
73	1043	823	2
239	1130	3079	2
176	958	1045	2
705	2754	2968	1
122	1252	889	1
637	2456	3088	1
179	962	1049	2
179	1049	1050	2
70	1051	819	2
119	2387	885	1
180	963	1053	2
711	2786	2781	1
117	884	1552	1
545	2090	3094	1
182	966	1055	2
135	908	1055	2
657	2549	3076	2
113	2080	876	1
183	2551	968	2
544	2086	2541	1
185	970	1059	2
139	913	1059	2
656	2544	3078	2
711	2781	2782	1
186	2546	972	2
186	1283	971	1
714	2801	2959	3
177	1065	960	2
142	1067	917	2
142	1064	1066	2
143	1068	1012	2
190	1067	976	2
715	2806	2964	4
181	1071	965	2
147	1073	923	2
147	1070	1072	2
148	1074	1013	2
193	1073	980	2
479	1843	2319	1
178	962	2750	1
637	2457	2935	1
760	3020	3091	1
97	1404	1087	5
568	2184	3073	5
48	793	1715	5
248	1145	1407	5
44	789	1139	5
490	1868	1869	5
99	856	1147	5
263	1169	1394	5
127	898	2290	1
126	2242	896	1
620	2381	2382	1
262	1164	1341	1
478	1839	2187	5
47	792	1357	5
129	899	1412	2
294	1235	1237	1
204	1075	1188	1
696	2720	2931	1
230	1952	1599	1
205	1078	1345	1
174	1315	1040	2
129	1412	1099	2
236	1119	1587	2
15	859	1089	2
118	2050	885	2
271	1193	1194	2
492	1880	1878	4
156	2415	1948	4
376	1464	1884	3
153	2408	1936	3
13	857	1081	5
473	1821	2607	5
106	868	1084	2
16	905	1202	2
168	2776	949	3
506	1937	1936	3
173	2770	955	4
509	1949	1948	4
552	2117	2116	4
83	837	1492	4
551	2113	2112	3
679	2655	3068	5
2	864	1151	5
258	1153	1398	5
24	893	1110	2
100	1210	1090	2
320	1319	2122	2
292	1229	1227	2
176	2990	958	1
354	1400	2269	1
665	2591	2588	1
333	1344	1748	1
20	900	1098	2
359	1416	1413	2
496	1891	1889	4
390	1510	1951	4
497	1897	1895	3
389	1507	1939	3
649	2510	3057	4
19	1858	1446	2
100	1080	1210	2
123	1091	1111	2
155	1561	1308	2
227	1115	1250	2
152	1602	928	2
228	1118	1245	2
301	1258	1259	2
154	1260	930	2
429	1661	1662	1
449	1743	2169	1
183	1280	967	1
195	2197	1774	1
646	2496	2800	4
387	1498	1921	4
647	2501	2793	3
92	848	1913	3
407	1573	1572	2
122	1301	890	2
30	932	1307	2
405	1561	1562	2
321	1322	1688	2
119	1586	886	2
151	1034	1121	2
555	2129	3086	4
146	1024	1125	2
554	2126	3084	3
164	1020	1131	2
33	944	1128	2
169	1030	1135	2
34	950	1132	2
324	1328	1699	1
470	1815	2308	1
52	2145	1327	1
129	1796	899	1
102	1075	1342	1
343	2589	2181	1
44	1387	1168	5
473	1820	1821	5
334	1347	1792	5
446	1732	1730	5
584	2260	2257	1
607	2350	2351	1
91	2345	1869	5
251	1149	1361	5
660	2567	2563	5
355	1405	1406	5
98	1364	1146	5
342	1365	1813	5
185	1598	970	1
204	2280	1746	1
104	865	1395	5
202	2162	1807	5
477	1834	2656	5
202	2153	1749	5
247	1144	1750	5
261	1162	1377	5
419	1611	1612	1
574	2210	2578	1
241	2171	1698	1
231	2735	1257	1
260	1157	1708	5
198	1725	1150	5
262	1166	1818	1
109	872	1379	1
335	1348	1755	5
352	1396	1397	5
264	1171	1386	5
199	1365	1172	5
244	1707	1385	5
99	1770	1083	5
445	1726	1734	5
247	1162	1142	5
447	1735	2227	1
472	1816	2214	1
351	1392	2190	5
44	1139	1387	5
42	1137	1383	5
348	1382	1814	5
327	1332	1740	1
265	1173	2149	1
367	1432	1433	2
367	1434	1449	2
87	842	1424	2
267	1176	1179	2
266	1175	1427	2
267	1179	1444	2
269	1184	1187	1
346	1378	1847	1
79	1079	1190	2
211	1082	3058	5
271	1196	1218	2
208	1456	1214	2
272	1197	1200	2
272	1200	1201	2
137	910	1320	2
378	1472	1943	3
512	1961	1988	4
379	1474	1947	4
292	1230	1228	2
275	1204	1206	2
486	1858	1859	2
534	2046	2509	2
596	2312	2657	5
514	1970	1967	3
526	2012	2008	4
505	1933	1931	4
226	1112	1213	2
279	1209	1213	2
124	895	2618	1
194	1830	1409	1
76	828	2107	2
321	1321	1322	2
459	1784	2186	5
291	1223	1584	3
209	1453	1878	4
290	1221	1581	4
279	1211	1479	2
207	1195	1477	2
291	1488	1223	3
189	2135	976	3
383	1482	1929	4
192	2131	980	4
208	1214	1963	2
284	1217	1527	2
233	1540	1273	3
514	1967	2433	3
232	1544	1272	4
402	1548	2073	4
286	2009	1580	4
214	2029	1579	4
527	2017	2014	3
213	2024	1582	3
59	1198	1225	2
275	1230	1205	2
178	1000	1325	2
293	1232	3052	1
298	1253	1560	1
294	1236	3050	1
234	2047	1292	2
295	1240	2374	2
6	1092	1241	2
296	1242	1245	2
10	1106	1246	2
297	1247	1250	2
584	2257	2258	1
176	959	3044	1
157	1563	934	2
125	1607	1254	2
182	2099	966	1
579	2235	2233	1
154	1118	1260	2
228	1276	1261	2
309	1284	1600	1
476	1831	2633	1
74	1003	1496	4
401	1544	1980	4
61	1004	1501	3
400	1540	1985	3
303	1268	1287	4
401	1545	1551	4
311	1288	1652	3
400	1541	1971	3
307	1274	1299	2
301	1278	1262	2
308	1280	1658	1
144	919	2911	1
116	1620	881	1
302	1265	1622	1
78	1669	1002	4
310	1286	1618	4
304	1271	1627	3
311	1290	1633	3
433	1681	1682	2
122	1573	1301	2
314	1296	1643	2
301	1262	1604	2
307	1299	1277	2
229	1641	1294	2
499	1907	1904	2
315	1302	1303	2
318	1311	1638	2
235	1608	1306	2
157	1115	1563	2
235	1565	1256	2
235	1311	1309	2
318	1310	1312	2
315	1303	1317	2
319	1314	1317	2
137	1320	1008	2
152	1258	1602	2
322	1326	1689	2
412	1586	2054	2
11	1047	1324	2
36	1119	961	2
605	2343	2340	1
205	1372	1077	1
437	1700	1698	1
246	1721	1401	1
440	1707	2195	5
669	2609	2826	5
245	1726	1389	5
454	1768	1765	5
457	1777	2152	1
584	2258	2840	1
442	1713	2204	1
457	1775	1776	1
435	1693	2203	1
328	2167	1810	1
330	1335	1705	1
330	1336	1745	1
448	1738	1782	1
565	2171	2265	1
332	1337	1340	1
262	1341	1166	1
243	1136	1346	1
243	1346	1747	1
345	1376	1793	5
454	1764	2232	5
352	1397	1757	5
372	3071	1883	3
443	1719	1717	5
336	1350	1352	5
324	1722	1356	1
56	1329	1353	1
594	2304	2715	1
576	2222	2220	1
482	1853	2659	1
673	2630	2626	1
247	1360	1144	5
340	1358	1361	5
202	1149	2162	5
345	1375	1752	5
342	1364	1367	5
342	1363	1368	5
344	1373	2182	1
24	1096	2316	1
344	1372	1373	1
323	2206	1714	1
253	2154	1408	5
261	1377	1160	5
179	963	3014	1
600	2326	2696	1
262	1818	1381	1
110	1165	1380	1
455	1769	1771	5
199	2252	1811	5
260	2246	1419	5
199	1172	1384	5
256	1760	1431	5
198	1169	1388	5
351	1391	1394	5
325	2189	1712	5
258	1398	1352	5
248	1349	1754	5
255	2817	2662	1
544	2085	2086	1
661	2572	2820	1
332	1340	2226	1
96	1839	852	5
335	1349	1841	5
461	1788	1794	5
341	2155	1809	5
573	2205	2274	1
476	1832	1857	1
252	1783	1410	5
341	1362	1836	5
203	1175	1413	2
267	1416	1177	2
684	2672	2712	1
368	2708	2370	1
585	2263	2574	1
685	2677	2860	1
483	1856	2337	1
489	1866	2329	1
199	1157	2252	5
325	2193	2189	5
132	904	2275	1
474	1829	1826	1
88	1174	1425	2
203	1183	1426	2
441	1710	1711	5
453	1763	1761	5
377	1470	2375	2
359	1415	1861	2
230	2887	1952	1
672	2625	2622	1
9	841	1436	2
87	1182	1438	2
370	1442	1444	2
67	1181	1441	2
371	1447	1903	2
371	1448	1449	2
408	1577	2449	3
372	1451	2006	3
409	1578	2453	4
373	1453	1998	4
271	1457	1196	2
374	1455	1539	2
375	1459	1461	4
274	1890	1511	4
376	1463	1465	3
273	1896	1508	3
276	1470	1207	2
367	1471	1434	2
376	1466	1942	3
511	1956	2007	3
375	1462	1946	4
512	1960	1999	4
23	1209	1476	2
271	1218	1478	2
525	2005	2395	3
394	1523	2064	3
523	1997	2399	4
393	1521	2068	4
290	1484	1221	4
504	1928	2398	4
477	1837	1875	5
503	1924	2393	3
640	2469	2760	3
285	2015	1583	3
414	1592	2465	4
386	1493	1495	4
82	836	1918	4
387	1499	1979	4
385	1491	1916	3
388	1504	1984	3
60	1014	1506	3
273	2409	1473	3
67	1015	1509	4
379	1475	2417	4
499	1906	2376	2
499	1908	1906	2
391	1514	1519	2
61	809	2020	2
386	1495	2011	4
556	2133	2467	4
527	2019	2016	3
413	1589	2470	3
117	1216	1524	2
395	1526	1528	2
524	2001	2446	4
283	1960	1529	4
522	1993	2441	3
282	1956	1530	3
236	2057	1323	2
412	1588	2061	2
398	1533	2037	2
374	1539	1458	2
400	1542	1591	3
233	1271	1981	3
401	1546	1594	4
303	1978	1268	4
278	1932	1549	4
401	1551	1546	4
487	1863	2379	1
221	1234	1554	1
220	1238	1558	1
121	1251	1557	1
405	1564	1566	2
405	1565	1567	2
131	903	2626	1
406	1570	2083	1
120	1239	1571	2
407	1574	1576	2
529	2028	2026	3
539	2062	2505	3
530	2033	2031	4
540	2066	2500	4
386	2011	1494	4
530	2031	2044	4
394	2017	1523	3
529	2026	2041	3
395	1528	2053	2
321	2109	1321	2
190	2789	977	3
306	1543	1590	3
193	2796	981	4
305	1547	1593	4
231	1257	1595	1
308	1281	2101	1
416	1598	1600	1
230	1265	2877	1
313	1605	1294	2
417	1605	2123	2
418	1608	1609	2
418	1606	2078	2
300	2087	1596	1
678	2651	2649	1
420	1616	1617	4
70	1285	1615	4
116	1264	1620	1
230	1284	1621	1
63	1270	1624	3
422	1626	1628	3
233	1273	1631	3
423	1630	1633	3
235	1306	1636	2
318	2141	1679	2
112	1293	1639	2
229	1298	1641	2
76	1267	1644	4
303	1287	1646	4
422	1628	1653	3
64	1625	1648	3
428	1656	1657	1
543	2081	2082	1
421	1623	1664	1
421	1664	1619	1
310	1670	1647	4
430	1668	1671	4
17	1318	1672	2
553	2124	2122	2
21	1011	1677	2
141	915	1678	2
319	1316	1684	2
8	1313	1680	2
236	1323	1687	2
11	1324	1685	2
435	1690	1693	1
242	1336	1692	1
243	1369	2180	1
51	1371	1695	1
444	1722	2178	1
55	1331	1697	1
200	1332	1703	1
53	1334	1701	1
566	2179	2177	1
585	2266	2263	1
440	1706	1709	5
570	2192	2194	5
325	2585	1801	5
575	2216	2217	5
587	2271	2616	1
684	2676	2672	1
251	2564	2163	5
443	1716	1719	5
444	1721	1723	1
354	1724	1400	1
245	1161	1731	5
445	1725	1729	5
454	1765	1767	5
445	1734	1728	5
447	1737	2236	1
246	1401	1736	1
241	1333	1739	1
200	1173	1779	1
564	2166	2583	1
200	1335	1742	1
343	1369	2282	1
589	2285	2282	1
345	1752	1376	5
561	2159	2156	5
197	1351	1753	5
336	1399	1756	5
453	1758	1762	5
445	1763	1727	5
446	1768	1733	5
453	1761	2231	5
99	1147	1770	5
249	1382	1772	5
595	2306	2830	1
571	2200	2198	1
463	1797	2294	1
449	1744	2151	1
265	1797	1780	1
448	1782	1741	1
252	2565	1783	5
358	2600	1874	5
257	2211	1786	1
364	1423	2278	1
454	1767	2240	5
253	1408	1787	5
196	1374	1790	5
253	1787	1791	5
466	1805	2223	1
458	1799	1781	1
464	1800	2324	5
582	2251	2247	5
716	2816	2811	1
194	1409	2613	1
480	1848	2261	1
463	1806	1798	1
335	2566	1348	5
252	1362	1808	5
457	1778	2244	1
442	2595	2582	1
249	1366	1812	5
473	1823	2256	5
595	2307	2680	1
419	1613	2945	1
158	2766	936	1
255	2662	2355	1
109	1379	1825	1
662	2579	2576	1
455	1773	2298	5
473	1822	2334	5
257	1423	1826	1
472	1829	1819	1
666	2596	2814	1
676	2643	2640	1
573	2207	2593	1
360	2848	2740	1
561	2154	2157	5
477	1835	1837	5
459	2601	1785	5
478	1840	1842	5
204	1188	1845	1
180	964	2941	1
220	1253	2838	1
586	2270	2829	1
461	1789	2347	5
481	1851	2313	5
574	2212	2638	1
614	2362	2363	1
204	1378	2280	1
476	1857	1831	1
600	2327	2634	1
510	1953	2762	1
158	1611	2766	1
485	2858	2705	1
222	1414	1859	2
266	1448	1860	2
487	1864	2320	1
250	2698	2339	1
489	1867	2369	1
690	2703	2699	1
475	2813	2624	1
616	2367	2743	1
606	2349	2347	5
356	1852	1870	5
491	1873	3070	5
477	1875	1834	5
492	1877	1880	4
325	1712	2160	5
210	1451	1882	3
96	1463	1881	3
221	2388	1885	1
698	2730	2726	1
361	2358	1886	1
611	2356	2734	1
375	1891	1462	4
496	1888	1892	4
376	1897	1466	3
497	1894	1898	3
206	1240	1901	2
19	1446	1899	2
499	1905	1907	2
407	1908	1574	2
94	1222	1909	3
385	1912	1490	3
93	1489	1914	3
388	1917	1504	3
83	1492	1930	4
387	1921	1499	4
95	1450	1922	3
384	1925	1487	3
85	1452	1926	4
383	1929	1483	4
505	1931	1934	4
502	1935	1920	4
378	2410	1990	3
273	1508	1938	3
210	1464	1940	3
273	1473	1941	3
209	1460	1944	4
274	1475	1945	4
379	2417	1987	4
274	1511	1950	4
163	2426	942	1
684	2673	2891	1
511	1955	1957	3
511	1957	1991	3
512	1959	1961	4
645	2495	2492	4
398	1534	1966	2
281	1533	1964	2
277	1491	1968	3
400	1971	1542	3
707	2761	3006	1
510	2427	2106	1
381	2777	2039	3
282	1530	1972	3
382	2771	2042	4
283	1529	1974	4
303	1500	1978	4
278	1545	1977	4
304	1505	1983	3
277	1541	1982	3
30	1310	985	2
396	2482	2094	4
644	2490	2487	3
397	2477	2097	3
381	2439	2436	3
213	1923	1992	3
524	2003	2400	4
209	1959	1996	4
382	2444	2434	4
214	1927	2000	4
522	1995	2394	3
210	1955	2004	3
286	1521	2009	4
526	2010	2013	4
527	2016	2018	3
216	1910	2014	3
62	1512	2021	2
391	1519	2022	2
529	2025	2027	3
522	2028	1992	3
530	2030	2032	4
524	2033	2000	4
75	1531	2035	2
281	1538	2036	2
554	2125	2522	3
532	2040	2451	3
555	2128	2527	4
533	2043	2455	4
63	811	2506	2
234	1513	2047	2
118	1525	2050	2
287	1588	2052	2
541	2072	2463	4
552	2119	2134	4
630	2432	2759	3
551	2115	2138	3
287	1534	2058	2
412	2061	1587	2
539	2063	2065	3
394	2503	2056	3
540	2067	2069	4
393	2498	2055	4
215	1520	2070	4
289	1550	2071	4
116	1305	2075	2
316	1610	2077	2
113	1569	2080	1
543	2082	2084	1
548	2102	2542	1
300	1613	2087	1
488	2727	2365	1
723	2848	2975	1
517	1975	2494	4
396	1962	2482	4
516	1973	2489	3
397	1958	2477	3
548	2099	2101	1
548	2100	2102	1
549	2103	2105	1
416	1954	2105	1
538	2060	2111	2
538	2111	2059	2
423	1632	2556	3
306	1590	2114	3
420	1617	2561	4
305	1593	2118	4
553	2120	2123	2
431	2124	1675	2
408	2535	2127	3
539	2065	2521	3
409	2530	2130	4
540	2069	2526	4
639	2468	2466	4
556	2131	2134	4
413	2470	2137	3
557	2135	2138	3
318	1638	2141	2
21	1677	2139	2
436	2207	2147	1
51	1695	2144	1
200	1742	2148	1
328	1778	2150	1
561	2153	2158	5
481	2159	1851	5
85	987	2823	5
441	2610	2161	5
443	2567	1718	5
252	1808	2164	5
449	2169	1744	1
468	2641	2314	1
324	1699	2172	1
661	2573	2571	1
444	2178	1720	1
566	2176	2179	1
436	1696	2183	1
666	2597	2596	1
335	1841	2185	5
775	991	3072	3
83	1418	2321	5
198	1710	2188	5
260	1708	2246	5
570	2194	2196	5
661	2570	2572	1
195	2175	2197	1
242	1692	2201	1
323	1714	2202	1
573	2206	2209	1
476	2591	1832	1
607	2352	2639	1
472	2214	1817	1
772	3064	988	5
86	1877	988	4
241	1739	2219	1
466	2223	1804	1
201	1339	2224	1
246	1736	2225	1
87	1759	2228	5
326	1766	2230	5
201	1735	2575	1
254	1815	2286	1
88	1764	2237	5
334	2301	2239	5
126	1775	2242	1
328	1810	2243	1
582	2247	2250	5
582	2249	2251	5
348	1814	2254	5
260	1822	2253	5
466	2260	1805	1
612	2358	2845	1
565	2265	2174	1
585	2262	2266	1
254	1402	2268	1
195	1774	2267	1
605	2342	2617	1
442	2208	2272	1
364	2278	1422	1
257	1786	2277	1
589	2281	2284	1
589	2283	2285	1
607	2353	2384	1
590	2288	2661	1
265	1777	2292	1
128	1795	2291	1
79	1769	2295	5
348	2606	2297	5
334	1788	2301	5
593	2299	2303	5
678	2653	2651	1
681	2664	2846	1
590	2287	2854	1
254	2268	2827	1
341	1836	2311	5
481	2313	1850	5
581	2245	2621	1
666	2814	2594	1
346	1847	2318	1
598	2317	2320	1
599	2325	2324	5
363	2248	2323	5
751	2974	2971	1
360	1867	2328	1
260	1419	2332	5
12	1820	2330	5
621	2385	2908	1
752	2980	2976	1
250	1854	2335	1
346	1864	2336	1
751	2973	2972	1
487	2700	2338	1
693	2710	2709	1
605	2341	2343	1
606	2346	2348	5
90	2300	2344	5
588	2279	2629	1
339	1853	2635	1
617	2371	2903	1
753	2987	2984	1
368	1953	2888	1
475	2684	2315	1
729	2875	2872	1
610	2894	2733	1
688	2692	2717	1
699	2732	2867	1
612	2357	2405	1
480	2261	2687	1
470	2678	2360	1
725	2861	2859	1
482	2668	2383	1
470	2737	2364	1
696	2722	2719	1
696	2723	2720	1
280	1865	2366	1
617	2903	2744	1
280	2366	2707	1
162	2783	941	1
206	1469	2372	2
276	1905	2373	2
690	2698	2701	1
619	2377	2380	1
130	2350	2382	1
482	2288	2668	1
613	2361	2747	1
703	2749	2747	1
622	2388	2389	1
545	2423	2090	1
282	1993	2391	3
623	2392	2395	3
373	1998	2397	4
283	2001	2396	4
319	1315	3087	2
612	2405	2359	1
626	2409	2411	3
521	2412	1989	3
627	2416	2418	4
520	2419	1986	4
704	2752	2932	1
622	2424	2390	1
629	2427	2764	1
629	2426	2429	1
216	1522	2430	3
288	1969	2431	3
283	1974	2443	4
533	2772	2531	4
282	1972	2438	3
532	2778	2536	3
381	1994	2439	3
516	2437	2440	3
382	2002	2444	4
517	2435	2445	4
285	2025	2448	3
529	2041	2450	3
286	2030	2452	4
530	2044	2454	4
361	1886	2863	1
495	2404	2458	1
393	2055	2461	4
289	2071	2460	4
536	2797	2466	4
639	2464	2468	4
394	2056	2757	3
537	2790	2471	3
629	2428	2785	1
515	2924	2475	1
511	1991	2478	3
642	2476	2480	3
512	1988	2483	4
643	2481	2485	4
632	2437	2804	3
644	2488	2490	3
631	2435	2809	4
645	2493	2495	4
713	2796	2798	4
393	2068	2498	4
712	2789	2791	3
647	2503	2505	3
64	1291	2507	2
312	2048	2508	2
643	2484	2513	4
141	2481	2511	4
642	2479	2517	3
137	2476	2515	3
165	2062	2518	3
651	2520	2522	3
170	2066	2523	4
652	2525	2527	4
409	2043	2530	4
555	2532	2129	4
408	2040	2535	3
554	2537	2126	3
415	2088	2540	1
37	2098	2538	1
656	2543	2547	2
546	2093	3077	4
657	2548	2552	2
547	2096	3075	3
39	1629	2553	3
306	2114	2555	3
40	1614	2558	4
305	2118	2560	4
660	2566	2568	5
660	2565	2569	5
571	2819	2647	1
585	2574	2264	1
339	2212	2576	1
447	2236	2577	1
242	1713	2580	1
564	2583	2168	1
84	1800	2584	5
664	2585	2587	5
665	2590	2592	1
573	2593	2205	1
442	2272	2595	1
663	2598	2581	1
491	2602	1873	5
459	2186	2601	5
348	1823	2606	5
80	2296	2604	5
664	2587	2825	5
441	2218	2610	5
465	2273	2615	1
357	2341	2614	1
125	2241	2619	1
468	2834	2620	1
465	2342	2623	1
475	2674	2354	1
132	2275	2627	1
460	2352	2628	1
357	1833	2632	1
250	2326	2631	1
460	2213	2636	1
482	2353	2637	1
468	2170	2641	1
676	2642	2644	1
456	2199	2646	1
594	2648	2304	1
595	2652	2307	1
456	2646	2650	1
385	3066	1912	3
596	2657	2310	5
339	2234	2658	1
579	2289	2660	1
571	2573	2819	1
681	2663	2665	1
485	2679	2858	1
695	2716	2896	1
683	2669	2856	1
620	2671	2381	1
609	2890	2879	1
684	2674	2676	1
470	2308	2678	1
685	2679	2681	1
720	2834	2835	1
686	2684	2686	1
687	2688	2842	1
687	2689	2847	1
353	2305	2690	1
729	2876	2873	1
360	2328	2695	1
250	2339	2694	1
698	2731	2729	1
690	2700	2703	1
731	2881	3002	1
691	3016	2943	1
145	920	2753	1
727	2870	2868	1
693	2709	2711	1
684	2712	2673	1
751	2970	2973	1
741	2924	3007	1
695	2713	2716	1
688	2717	2691	1
619	2722	2378	1
696	2719	2723	1
610	2977	2894	1
697	2724	2936	1
690	2730	2702	1
696	2731	2718	1
695	2896	2714	1
697	2725	2866	1
700	2737	2738	1
231	2362	2735	1
616	2743	2368	1
735	2901	2899	1
150	926	2949	1
736	2906	2904	1
703	2746	2748	1
300	2736	2745	1
691	2704	2885	1
488	2365	2883	1
746	2948	2945	1
621	2908	2755	1
288	2431	2756	3
640	2760	2471	3
368	2370	3003	1
515	2428	2763	1
703	2748	2947	1
708	2768	2969	1
709	2771	2773	4
653	2774	2529	4
710	2777	2779	3
654	2780	2534	3
629	2785	2425	1
641	2786	2475	1
557	2472	2791	3
647	2793	2504	3
639	2799	2467	4
646	2800	2499	4
710	2779	2958	3
714	2803	2805	3
709	2773	2963	4
715	2808	2810	4
672	2815	2623	1
475	2642	2813	1
677	2821	2645	1
717	2818	2822	1
85	1482	987	4
562	2611	2824	5
678	2652	2831	1
456	2650	2828	1
124	2618	2833	1
686	2837	2685	1
298	2357	2839	1
612	2689	2841	1
361	2663	2843	1
480	2687	2844	1
723	2849	2851	1
701	2852	2742	1
470	2364	2853	1
614	2670	2855	1
353	2690	2857	1
692	2862	2706	1
495	2724	2864	1
726	2865	2867	1
739	2918	3036	1
692	2996	2913	1
727	2869	3011	1
610	2991	2871	1
688	2875	2693	1
727	2876	2869	1
686	2686	2880	1
302	2683	2878	1
744	2940	2939	1
723	2851	3001	1
745	2942	3029	1
615	2752	2884	1
684	2891	2675	1
733	2887	2892	1
734	2895	2897	1
752	2977	2979	1
694	2985	2939	1
484	2741	2898	1
740	2923	2921	1
484	2898	2902	1
485	2705	2907	1
692	2913	2909	1
705	2914	2753	1
738	2914	2915	1
755	2997	3013	1
752	2979	3037	1
641	2951	2474	1
736	2923	2905	1
741	2927	2954	1
741	2925	2927	1
615	2721	2930	1
178	2750	2928	1
495	2458	2934	1
754	2992	3024	1
753	2984	2986	1
740	2940	2919	1
731	2882	3028	1
704	3017	2886	1
300	2745	2944	1
621	2768	2946	1
740	2953	2922	1
747	2951	2954	1
25	2775	2955	3
632	2804	2957	3
26	2769	2960	4
631	2809	2962	4
621	2755	2967	1
31	2765	2965	1
698	2974	2728	1
723	2975	2849	1
729	2980	2874	1
734	2981	2893	1
735	2987	2900	1
744	2988	2937	1
754	2991	2992	1
762	3032	3048	1
755	2996	2997	1
738	2998	2911	1
608	2850	2999	1
691	2882	3000	1
707	3006	2763	1
757	3005	3007	1
758	3010	3012	1
755	3013	2994	1
691	2885	3016	1
759	3015	3019	1
760	3022	3023	1
754	3024	2989	1
753	2986	3042	1
761	3027	3029	1
739	3036	3033	1
762	3030	3033	1
682	2978	3034	1
728	3032	3035	1
147	2982	3040	1
731	3028	3041	1
728	2993	3046	1
765	3045	3048	1
20	1098	982	2
19	1235	878	1
24	1110	983	2
23	1231	891	1
29	1319	984	2
137	2515	910	3
769	3055	3056	2
141	2511	915	4
13	1081	831	5
79	1190	986	2
84	2584	838	5
771	3061	3062	5
575	3064	2612	5
669	3065	2609	5
94	1909	989	3
93	2654	849	5
95	1486	990	3
94	1872	850	5
568	3073	2603	5
667	3074	2599	5
136	2095	909	3
137	2550	992	2
140	2092	914	4
141	2545	993	2
143	1129	918	2
144	2995	994	1
148	1133	924	2
149	2938	995	1
167	1127	996	2
166	2125	947	3
172	1123	997	2
171	2128	953	4
35	1314	956	2
174	2457	998	1
783	3090	999	2
175	3021	999	1
784	3092	3093	2
178	2091	1000	1
2	1151	794	5
431	1673	1672	2
481	1850	1849	5
157	935	1248	2
67	816	1015	4
113	877	1569	1
87	841	1759	5
114	879	2140	2
68	817	1002	4
626	2407	2406	3
60	807	1014	3
601	2331	2330	5
433	1682	1680	2
59	805	1005	2
627	2414	2413	4
5	1103	852	3
19	878	1097	2
129	900	1803	1
9	1436	814	2
750	2966	2965	1
126	1107	897	2
23	891	1109	2
114	2140	1634	2
11	1685	830	2
269	1185	1184	1
3	1076	795	1
123	893	1844	1
13	1189	858	2
17	2548	1008	2
37	2538	939	1
21	2543	1011	2
22	1263	882	1
120	887	1900	2
54	1330	800	1
549	2104	2103	1
151	927	2474	1
153	929	2408	3
112	875	1674	2
115	880	1635	2
9	1100	840	4
61	808	1004	3
463	1796	1806	1
74	825	1003	4
123	1844	1187	1
748	2956	2955	3
355	1404	1403	5
749	2961	2960	4
1	1154	855	5
142	916	1064	2
39	1044	824	2
761	3026	3025	1
161	940	1036	2
164	944	2788	3
158	936	1026	2
169	950	2795	4
383	1484	1481	4
39	2553	974	3
384	1488	1485	3
147	922	1070	2
34	1132	1013	2
119	886	2421	1
13	831	1189	2
40	2558	978	4
342	1367	1363	5
42	1171	786	5
35	2456	2401	1
43	1391	1138	5
44	1168	788	5
79	2295	832	5
33	1128	1012	2
177	1046	1065	2
14	1086	866	5
261	1161	1158	5
50	1370	796	1
181	1054	1071	2
51	2144	797	1
55	1328	801	1
66	1101	814	4
56	1353	802	1
39	1046	1044	2
543	2084	2079	1
57	1354	1141	1
47	1143	791	5
272	1199	1197	2
59	1104	805	3
94	850	1485	3
47	1357	1143	5
64	1681	1291	2
87	2228	842	5
46	1159	790	5
62	809	1502	3
89	2299	844	5
304	1270	1269	3
392	1517	1515	2
188	2554	2112	3
7	808	1515	2
88	2237	843	5
7	1868	1849	5
84	838	1481	4
115	1635	1304	2
399	1537	1535	2
40	1052	820	2
40	1054	1052	2
119	2421	2387	1
82	2331	1417	5
178	1047	1048	2
422	1625	1624	3
71	821	1001	3
427	1649	1648	3
122	890	2402	1
65	1649	1001	3
174	1040	1041	2
430	1666	1665	4
70	819	1667	4
191	2559	2116	4
41	1155	785	5
75	826	1497	4
284	1216	1215	2
303	1267	1266	4
74	2034	1536	2
420	1614	1615	4
75	2035	826	2
80	2604	833	5
363	1418	1417	5
12	825	1535	2
75	827	1531	2
80	1454	1194	2
208	1963	1219	2
426	1645	1644	4
83	2321	837	5
70	1667	1285	4
430	1669	1668	4
492	1879	1876	4
387	1500	1497	4
86	1430	840	5
715	2807	2806	4
66	1887	1101	4
85	839	1876	4
67	815	1181	2
91	845	2345	5
225	1106	1443	2
120	1900	1239	2
91	1517	1208	2
61	2020	1516	2
87	1424	1182	2
88	1432	1174	2
62	2045	1512	2
377	1471	1467	2
72	822	1651	3
48	1715	1148	5
311	1289	1288	3
423	1629	1630	3
596	2310	2309	5
388	1505	1502	3
385	1489	3066	3
714	2802	2801	3
59	1893	1104	3
775	3071	851	3
154	931	1243	2
132	1093	904	2
43	1138	787	5
86	2215	1430	5
256	2216	1711	5
100	1191	1080	2
271	1195	1193	2
395	1525	1524	2
52	1690	798	1
28	3039	3025	1
102	861	1186	1
95	1922	1486	3
97	1087	854	5
355	1403	1842	5
219	1092	1228	2
292	1226	1225	2
6	807	1224	2
135	2486	908	3
57	1337	803	1
262	1165	1163	1
4	804	1163	1
112	1674	1293	2
314	1297	1295	2
275	1203	1202	2
544	2089	2085	1
184	1058	1657	1
184	969	1058	1
116	881	1305	2
22	2074	894	2
53	1691	1334	1
187	1062	1662	1
429	1659	1660	1
187	973	1062	1
81	1455	833	2
15	1089	892	2
380	1480	1476	2
24	1232	1096	1
76	2107	1532	2
117	1552	1233	1
90	1468	844	2
62	810	2045	2
276	1207	1208	2
20	1236	1095	1
407	1572	1571	2
120	1556	1237	1
23	883	1231	1
103	862	1343	1
124	1606	895	2
116	2075	882	2
302	1263	2683	1
762	3031	3030	1
370	1440	1441	2
53	1701	799	1
66	1437	1180	2
54	1702	1330	1
203	1442	1183	2
147	3040	922	1
686	2682	2837	1
457	1776	2293	1
113	876	1640	2
18	877	1295	2
97	1199	1005	2
364	1422	1420	1
16	870	1420	1
474	1828	1824	1
109	1825	871	1
739	2916	2917	1
92	1913	1503	3
165	945	2502	3
657	2551	2549	2
37	1006	1007	2
428	1654	1655	1
406	1568	2667	1
29	2514	1989	3
136	1057	1056	2
139	2491	913	4
505	1935	1930	4
170	951	2497	4
38	1009	1010	2
186	1661	1283	1
147	923	2982	1
656	2546	2544	2
140	1061	1060	2
651	2519	2518	3
166	947	1126	2
254	2286	2233	1
683	2670	2667	1
758	3012	3008	1
758	3008	3009	1
29	984	2514	3
71	3089	1041	2
135	2802	2486	3
404	1556	1557	1
652	2524	2523	4
171	953	1122	2
3	863	1076	1
720	2832	2833	1
148	924	2937	1
704	2751	3017	1
30	2510	1986	4
149	995	1134	2
139	2807	2491	4
118	2386	1553	1
130	1274	902	2
497	1893	1894	3
131	1116	903	2
132	1242	1093	2
275	1205	1203	2
131	1275	1116	2
156	933	2415	4
496	1887	1888	4
125	1113	896	2
126	1247	1107	2
127	1176	898	2
125	1254	1113	2
176	3044	2990	1
168	948	2534	3
134	1006	1017	2
143	918	2994	1
160	1016	1017	2
122	2402	1252	1
178	2928	2091	1
173	954	2529	4
138	1009	1019	2
150	2920	925	1
163	1018	1019	2
740	2920	2953	1
144	1021	919	2
166	1024	1023	2
31	1124	1025	2
144	1020	1021	2
168	1028	1027	2
166	1023	946	2
160	938	1029	2
146	1125	921	2
168	949	1029	2
158	1026	1027	2
149	1031	925	2
171	1034	1033	2
32	1120	1035	2
149	1030	1031	2
173	1038	1037	2
171	1033	952	2
163	942	1039	2
151	1121	927	2
173	955	1039	2
161	1036	1037	2
174	3020	2933	1
783	3089	3090	2
175	1042	1043	2
144	994	1130	2
175	1043	958	2
146	2966	2754	1
298	1251	1252	1
35	956	2456	1
178	1048	962	2
68	818	1049	2
179	1050	1051	2
622	2386	2387	1
179	1051	963	2
641	2473	2786	1
118	1553	884	1
36	961	2090	1
37	1007	966	2
136	1056	908	2
136	909	2549	2
543	2079	2080	1
657	2552	2551	2
160	2539	2086	1
38	1010	970	2
140	1060	913	2
140	914	2544	2
32	940	2781	1
656	2547	2546	2
309	1282	1283	1
134	2956	2801	3
188	1063	1065	2
190	1068	1067	2
188	975	1064	2
190	977	1068	2
142	1066	1067	2
138	2961	2806	4
191	1069	1071	2
193	1074	1073	2
191	979	1070	2
193	981	1074	2
147	1072	1073	2
24	2316	1843	1
179	2751	962	1
174	2933	2457	1
174	957	3020	1
355	1406	1404	5
96	991	2184	5
49	1716	793	5
105	1405	1145	5
45	1140	789	5
7	846	1868	5
98	1146	856	5
198	1392	1169	5
128	2291	898	1
581	2241	2242	1
18	901	2381	1
58	1338	1164	1
96	2184	1839	5
48	1358	792	5
128	1411	899	2
19	887	1235	1
102	1186	1075	1
545	2929	2720	1
510	1954	1952	1
103	1343	1078	1
319	1313	1315	2
359	1414	1412	2
36	1585	1119	2
100	1090	859	2
535	2051	2050	2
79	832	1193	2
375	1460	1880	4
627	2418	2415	4
210	1882	1464	3
626	2411	2408	3
99	1083	857	5
81	2605	1821	5
107	1085	868	2
133	1204	905	2
710	2775	2776	3
154	930	1937	3
709	2769	2770	4
157	934	1949	4
192	979	2117	4
84	1493	837	4
189	975	2113	3
94	989	2655	5
104	1153	864	5
104	1395	1153	5
123	1111	893	2
279	1212	1210	2
29	2120	1319	2
272	1201	1229	2
754	2989	2990	1
195	2267	1400	1
476	1830	2591	1
204	1746	1344	1
129	1099	900	2
267	1178	1416	2
375	1461	1891	4
157	1949	1510	4
376	1465	1897	3
154	1937	1507	3
30	985	2510	4
486	1862	1858	2
207	1211	1080	2
218	1112	1091	2
405	1567	1561	2
157	1248	1115	2
417	1601	1602	2
154	1243	1118	2
152	929	1258	2
301	1259	1260	2
186	972	1661	1
242	2166	1743	1
308	1279	1280	1
571	2199	2197	1
169	2795	2496	4
82	1918	1498	4
164	2788	2501	3
93	1914	848	3
122	889	1573	2
315	1300	1301	2
155	1308	932	2
155	933	1561	2
78	1686	1322	2
412	1585	1586	2
171	1122	1034	2
172	997	2129	4
166	1126	1024	2
167	996	2126	3
144	1130	1020	2
164	1131	944	2
149	1134	1030	2
169	1135	950	2
55	1697	1328	1
254	2306	1815	1
559	2146	2145	1
463	1795	1796	1
204	1344	1075	1
665	2592	2589	1
350	1390	1387	5
12	834	1820	5
196	1790	1347	5
261	1160	1732	5
466	1802	2260	1
130	902	2350	1
606	2348	2345	5
202	1359	1149	5
443	1717	2567	5
105	1088	1405	5
342	1366	1364	5
199	1811	1365	5
416	1597	1598	1
589	2284	2280	1
105	1396	865	5
563	2165	2162	5
94	2655	1834	5
561	2157	2153	5
202	1749	1144	5
247	1375	1162	5
158	937	1611	1
201	2575	2210	1
565	2173	2171	1
700	2736	2735	1
199	1706	1157	5
445	1727	1725	5
201	1816	1166	1
110	1380	872	1
197	1753	1348	5
105	1145	1396	5
42	1383	1171	5
342	1368	1365	5
440	1709	1707	5
455	1771	1770	5
245	1731	1726	5
261	1159	1162	5
201	2224	1735	1
201	2210	1816	1
198	2188	1392	5
245	1389	1139	5
244	1385	1137	5
249	1812	1382	5
200	1738	1332	1
200	2148	1173	1
88	843	1432	2
206	1447	1434	2
88	1425	842	2
127	1108	1176	2
203	1426	1175	2
225	1443	1179	2
15	892	1184	1
204	1845	1378	1
207	1192	1079	2
79	986	1082	5
208	1217	1196	2
374	1458	1456	2
14	867	1197	2
106	1084	1200	2
768	3053	910	2
210	1940	1472	3
379	1987	1961	4
209	1944	1474	4
275	1206	1230	2
133	1094	1204	2
19	1097	1858	2
63	2506	2046	2
477	2656	2312	5
385	1490	1970	3
393	1520	2012	4
386	1494	1933	4
218	1212	1112	2
23	1109	1209	2
125	2619	895	1
476	1833	1830	1
77	2108	828	2
77	829	1321	2
335	2185	1784	5
213	1582	1223	3
373	1879	1453	4
214	1579	1221	4
207	1477	1211	2
271	1478	1195	2
384	1487	1488	3
557	2136	2135	3
85	1926	1482	4
556	2132	2131	4
281	1964	1214	2
208	1526	1217	2
400	1543	1540	3
216	2430	1967	3
401	1547	1544	4
215	2070	1548	4
526	2013	2009	4
530	2032	2029	4
394	1522	2017	3
529	2027	2024	3
272	1229	1198	2
292	1227	1230	2
784	3093	1000	2
24	983	1232	1
220	1558	1253	1
20	982	1236	1
534	2048	2047	2
206	2372	1240	2
219	1244	1092	2
132	1117	1242	2
225	1249	1106	2
126	1114	1247	2
20	1095	2257	1
177	3045	959	1
405	1562	1563	2
418	1609	1607	2
548	2098	2099	1
354	1402	2235	1
228	1261	1118	2
307	1278	1276	2
230	1599	1284	1
250	2631	1831	1
82	1498	1003	4
232	1976	1544	4
92	1503	1004	3
233	1981	1540	3
232	1286	1268	4
278	1549	1545	4
72	1651	1288	3
277	1968	1541	3
130	1297	1274	2
307	1277	1278	2
183	1656	1280	1
145	2912	919	1
421	1619	1620	1
230	1621	1265	1
430	1665	1669	4
232	1616	1286	4
233	1626	1271	3
233	1631	1290	3
64	812	1681	2
407	1576	1573	2
113	1640	1296	2
229	1603	1262	2
314	1298	1299	2
425	1642	1641	2
391	1513	1907	2
234	1292	1302	2
235	1636	1311	2
418	1610	1608	2
227	1564	1115	2
405	1566	1565	2
318	1312	1311	2
30	1307	1310	2
312	1316	1303	2
35	1300	1314	2
320	1318	1320	2
301	1604	1258	2
236	1687	1326	2
119	2051	1586	2
178	1325	1047	2
236	3092	1119	2
489	1865	2343	1
344	1370	1372	1
327	1333	1700	1
444	1724	1721	1
244	2192	1707	5
85	2823	2609	5
445	1729	1726	5
446	1730	1768	5
265	2149	1777	1
220	2838	2258	1
242	2201	1713	1
126	897	1775	1
323	2202	1693	1
564	2170	2167	1
200	1703	1335	1
242	1743	1336	1
200	1779	1738	1
241	2262	2171	1
57	1141	1337	1
332	1339	1341	1
205	1345	1136	1
333	1748	1346	1
253	1791	1376	5
88	2229	1764	5
248	1754	1397	5
775	3072	3071	3
336	1351	1719	5
49	1152	1350	5
444	1723	1722	1
324	1356	1329	1
255	2713	2304	1
448	1741	2222	1
339	2658	1853	1
607	2351	2630	1
340	1359	1360	5
48	1148	1358	5
251	2163	1149	5
247	1750	1375	5
98	1156	1364	5
41	1170	1363	5
243	2180	1373	1
221	2317	1096	1
205	1136	1372	1
573	2208	2206	1
561	2156	2154	5
345	1374	1377	5
180	3015	963	1
250	2694	2326	1
472	1819	1818	1
262	1381	1165	1
79	1082	1769	5
583	2255	2252	5
582	2248	2246	5
264	1386	1172	5
453	1762	1760	5
263	1390	1169	5
43	1167	1391	5
569	2191	2189	5
352	1399	1398	5
335	1755	1349	5
717	2822	2817	1
159	938	2085	1
480	2818	2572	1
246	2225	1340	1
478	1838	1839	5
248	1840	1349	5
334	1792	1788	5
561	2158	2155	5
194	2271	2205	1
343	1855	1832	1
459	1785	1783	5
252	1835	1362	5
266	1415	1175	2
359	1411	1416	2
280	2707	2672	1
693	2711	2708	1
338	2570	2263	1
353	2857	2677	1
346	2336	1856	1
357	2327	1866	1
260	2253	1157	5
570	2196	2193	5
133	2276	904	1
472	1817	1829	1
266	1427	1174	2
268	1428	1183	2
198	1150	1710	5
445	1728	1763	5
276	2373	1470	2
266	1860	1415	2
733	2889	2887	1
605	2340	2625	1
87	1438	841	2
268	1439	1182	2
203	1178	1442	2
268	1445	1181	2
206	1901	1447	2
266	1435	1448	2
285	2448	1577	3
210	2004	1451	3
286	2452	1578	4
209	1996	1453	4
374	1456	1457	2
81	1537	1455	2
86	1102	1459	4
496	1892	1890	4
96	1105	1463	3
497	1898	1896	3
377	1468	1470	2
377	1469	1471	2
273	1941	1466	3
282	2005	1956	3
274	1945	1462	4
283	1997	1960	4
279	1479	1209	2
284	1480	1218	2
282	2391	2005	3
285	2063	1523	3
283	2396	1997	4
286	2067	1521	4
383	1483	1484	4
373	2397	1928	4
358	1874	1837	5
372	2392	1924	3
288	2756	2469	3
527	2018	2015	3
289	2464	1592	4
84	1220	1493	4
83	1919	836	4
278	1977	1499	4
277	1915	1491	3
277	1982	1504	3
154	1507	1014	3
626	2410	2409	3
157	1510	1015	4
274	2416	1475	4
295	2374	1906	2
407	1575	1908	2
276	1518	1514	2
62	2021	809	2
290	2010	1495	4
414	2465	2133	4
500	1911	2019	3
288	2469	1589	3
284	1527	1216	2
208	1219	1526	2
283	2443	2001	4
512	1962	1960	4
282	2438	1993	3
511	1958	1956	3
538	2059	2057	2
287	2058	1588	2
281	2036	1533	2
399	1538	1539	2
288	1589	1542	3
304	1983	1271	3
289	1592	1546	4
518	1976	1978	4
505	1934	1932	4
402	1550	1551	4
221	2377	1863	1
293	1555	1234	1
294	1559	1238	1
298	1560	1251	1
227	1255	1564	2
235	1309	1565	2
132	2627	903	1
231	2081	1570	1
295	1575	1239	2
234	1302	1574	2
522	1994	2028	3
165	2502	2062	3
524	2002	2033	4
170	2497	2066	4
526	2008	2011	4
382	2042	2031	4
527	2015	2017	3
381	2039	2026	3
287	2052	1528	2
550	2108	2109	2
712	2787	2789	3
400	1591	1543	3
713	2794	2796	4
401	1594	1547	4
300	1596	1257	1
231	2100	1281	1
185	1282	1598	1
302	2878	1265	1
417	1603	1605	2
313	2121	1605	2
235	1256	1608	2
124	2076	1606	2
544	2088	2087	1
594	2305	2651	1
232	1272	1616	4
310	1618	1285	4
302	1622	1264	1
309	1623	1284	1
304	1627	1270	3
233	1290	1626	3
306	1632	1273	3
73	1289	1630	3
316	1637	1306	2
558	2143	2141	2
313	1642	1293	2
314	1643	1298	2
303	1646	1267	4
310	1647	1287	4
311	1652	1628	3
422	1653	1625	3
183	968	1656	1
231	1281	2081	1
309	1663	1623	1
429	1660	1664	1
430	1671	1670	4
77	1645	1668	4
320	1676	1318	2
431	1676	2124	2
141	1678	1011	2
769	3056	915	2
312	1683	1316	2
319	1684	1313	2
321	1688	1323	2
322	1689	1324	2
52	1327	1690	1
330	1694	1336	1
343	2181	1369	1
344	1696	1371	1
324	2176	1722	1
327	1700	1331	1
327	1704	1332	1
330	1705	1334	1
565	2174	2179	1
576	2221	2266	1
199	1384	1706	5
244	1393	2192	5
664	2586	2585	5
256	1431	2216	5
194	2613	2271	1
672	2622	2676	1
660	2569	2564	5
49	1350	1716	5
246	1355	1721	1
444	1720	1724	1
261	1732	1161	5
198	1388	1725	5
196	1347	1765	5
446	1733	1734	5
354	2235	1737	1
354	1737	1401	1
327	1740	1333	1
265	1780	1173	1
242	2580	2166	1
330	1745	1335	1
243	2281	1369	1
483	1855	2285	1
451	1751	1752	5
481	1852	2159	5
336	1756	1351	5
352	1757	1399	5
9	1429	1758	5
453	1760	1763	5
454	1766	1768	5
326	2230	1761	5
249	1772	1147	5
348	1773	1382	5
254	2827	2306	1
566	2177	2200	1
265	2292	1797	1
328	2150	1744	1
463	1799	1797	1
458	1781	1782	1
660	2568	2565	5
667	2602	2600	5
574	2213	2211	1
257	2277	1423	1
334	2239	1767	5
356	1789	1408	5
345	1793	1374	5
461	1794	1787	5
338	2221	1805	1
463	1798	1799	1
84	2322	1800	5
570	2193	2251	5
676	2640	2816	1
357	2614	1409	1
338	2259	1848	1
466	1804	1806	1
660	2563	2566	5
341	1809	1362	5
328	2243	1778	1
666	2598	2595	1
342	1813	1366	5
348	2254	1823	5
353	2677	2307	1
300	2944	1613	1
708	2765	2766	1
681	2665	2662	1
347	1827	1379	1
579	2234	2579	1
348	2297	1773	5
260	2332	1822	5
364	1828	1423	1
474	1827	1829	1
465	2812	2596	1
564	2168	2643	1
436	2590	2207	1
723	2852	2848	1
253	1751	2154	5
252	1410	1835	5
667	2600	2601	5
248	1407	1840	5
269	1846	1188	1
181	2942	964	1
298	2839	1253	1
456	2828	2270	1
356	2346	1789	5
341	2311	1851	5
339	2635	2212	1
231	1570	2362	1
346	2283	1378	1
483	1854	1857	1
357	2632	2327	1
368	2761	1953	1
419	2767	1611	1
725	2862	2858	1
359	1861	1414	2
371	1862	1448	2
346	2318	1864	1
690	2702	2698	1
360	2367	1867	1
619	2378	2703	1
716	2815	2813	1
360	2740	2367	1
593	2302	2349	5
481	1871	1852	5
95	990	1873	5
491	1872	1875	5
86	1459	1877	4
441	2161	1712	5
372	1883	1451	3
376	1884	1463	3
622	2390	2388	1
690	2699	2730	1
612	2359	2358	1
361	2732	2356	1
496	1890	1891	4
67	1509	1888	4
497	1896	1897	3
60	1506	1894	3
295	1902	1240	2
371	1903	1446	2
276	1514	1905	2
499	1904	1908	2
291	1911	1222	3
500	1910	1912	3
385	1916	1489	3
501	1915	1917	3
386	1933	1492	4
502	1920	1921	4
372	1924	1450	3
503	1923	1925	3
373	1928	1452	4
504	1927	1929	4
215	1548	1931	4
505	1932	1935	4
626	2412	2410	3
389	1939	1508	3
376	1942	1464	3
378	1943	1473	3
375	1946	1460	4
379	1947	1475	4
627	2419	2417	4
390	1951	1511	4
629	2425	2426	1
368	2888	2673	1
210	1472	1955	3
378	1990	1957	3
209	1474	1959	4
546	2092	2495	4
287	1965	1534	2
398	1966	1533	2
385	1970	1491	3
514	1969	1971	3
368	3003	2761	1
629	2429	2427	1
710	2778	2777	3
397	1973	1530	3
709	2772	2771	4
396	1975	1529	4
387	1979	1500	4
401	1980	1545	4
388	1984	1505	3
400	1985	1541	3
318	3055	1310	2
643	2485	2482	4
547	2095	2490	3
642	2480	2477	3
633	2442	2439	3
503	1995	1923	3
504	2398	2003	4
512	1999	1959	4
634	2447	2444	4
504	2003	1927	4
503	2393	1995	3
511	2007	1955	3
393	2012	1521	4
290	1581	2010	4
291	1584	2016	3
500	2019	1910	3
391	2022	1512	2
392	2023	1519	2
285	1583	2025	3
529	2024	2028	3
286	1580	2030	4
530	2029	2033	4
398	2037	1531	2
399	2038	1538	2
166	2519	2125	3
408	2449	2040	3
171	2524	2128	4
409	2453	2043	4
64	2507	811	2
391	2049	1513	2
395	2053	1525	2
412	2054	1588	2
393	2461	2072	4
414	2133	2119	4
394	2757	2432	3
413	2137	2115	3
398	2060	1534	2
538	2057	2061	2
285	1577	2063	3
647	2504	2503	3
286	1578	2067	4
646	2499	2498	4
393	2072	1520	4
402	2073	1550	4
316	2077	1305	2
418	2078	1610	2
406	2083	1569	1
308	1658	2082	1
415	2540	2102	1
419	2089	1613	1
698	2729	2727	1
360	2970	2848	1
396	2493	1975	4
512	2483	1962	4
397	2488	1973	3
511	2478	1958	3
182	1279	2099	1
231	1595	2100	1
38	1597	2103	1
510	2106	1954	1
398	2110	2060	2
550	2109	2111	2
306	2555	1632	3
413	2115	1590	3
305	2560	1617	4
414	2119	1593	4
29	1601	2120	2
553	2121	2124	2
654	2537	2535	3
408	2520	2065	3
653	2532	2530	4
409	2525	2069	4
638	2462	2468	4
192	2117	2131	4
640	2472	2470	3
189	2113	2135	3
424	2142	1638	2
432	2143	1677	2
573	2209	2207	1
436	2147	1695	1
449	2151	1742	1
457	2152	1778	1
202	1807	2153	5
561	2155	2159	5
771	3062	987	5
669	2611	2610	5
660	2564	2567	5
467	2165	1808	5
564	2167	2169	1
676	2644	2641	1
437	2173	1699	1
571	2198	2573	1
566	2175	2178	1
324	2172	2176	1
344	2182	1696	1
587	2273	2597	1
478	2187	1841	5
96	1881	991	3
363	2323	1418	5
441	2191	1710	5
440	2249	1708	5
351	2190	2194	5
338	1848	2570	1
566	2200	2175	1
435	2203	1692	1
442	2204	1714	1
323	2146	2206	1
665	2589	2591	1
460	2636	2352	1
574	2211	2214	1
575	2215	3064	5
492	3063	1877	4
448	2222	1739	1
576	2220	2223	1
332	2226	1339	1
447	2227	1736	1
453	2231	1759	5
454	2232	1766	5
447	2577	1735	1
470	2287	1815	1
454	2240	1764	5
593	2303	2301	5
457	2244	1775	1
468	2245	1810	1
325	1801	2247	5
440	2195	2249	5
469	2255	1814	5
473	2256	1822	5
584	2259	2260	1
361	2843	2358	1
585	2264	2265	1
241	2219	2262	1
354	2269	1402	1
456	2270	1774	1
465	2615	2342	1
573	2274	2208	1
588	2276	2278	1
460	2279	1786	1
243	1747	2281	1
346	1856	2283	1
482	2383	2353	1
482	2659	2288	1
457	2293	1777	1
463	2294	1795	1
455	2298	1769	5
668	2608	2606	5
461	2302	1788	5
89	2238	2299	5
677	2648	2653	1
480	2844	2664	1
470	2853	2287	1
586	2829	2268	1
477	2312	1836	5
596	2309	2313	5
468	2620	2245	1
716	2811	2814	1
479	2319	1847	1
221	1863	2317	1
582	2250	2325	5
582	2325	2248	5
698	2727	2974	1
489	2329	1867	1
363	2333	1419	5
473	2334	1820	5
485	2907	2385	1
729	2872	2980	1
483	2337	1854	1
487	2338	1864	1
689	2697	2973	1
690	2701	2700	1
616	2368	2710	1
357	1866	2341	1
356	1870	2346	5
593	2349	2300	5
460	2628	2279	1
482	2637	1853	1
484	2902	2371	1
735	2899	2987	1
510	2889	1953	1
686	2685	2684	1
688	2691	2875	1
734	2897	2894	1
594	2715	2692	1
361	2863	2732	1
298	2403	2357	1
584	2688	2261	1
685	2681	2678	1
688	2693	2861	1
683	2671	2668	1
700	2739	2737	1
619	2380	2722	1
628	2423	2723	1
489	2369	1865	1
736	2905	2903	1
616	2710	2366	1
711	2782	2783	1
377	2375	1469	2
499	2376	1905	2
250	2335	2698	1
221	1885	2377	1
607	2384	2350	1
590	2669	2288	1
485	2746	2361	1
700	2738	2749	1
221	1554	2388	1
628	2420	2423	1
522	2394	1993	3
372	2006	2392	3
523	2399	1998	4
524	2400	2001	4
174	998	1315	2
625	2404	2405	1
273	1938	2409	3
626	2406	2412	3
274	1950	2416	4
627	2413	2419	4
615	2930	2752	1
628	2422	2424	1
510	2762	2427	1
163	2104	2426	1
394	2432	1522	3
514	2433	1969	3
517	2445	1974	4
709	2774	2772	4
516	2440	1972	3
710	2780	2778	3
522	2441	1994	3
632	2442	2437	3
524	2446	2002	4
631	2447	2435	4
529	2450	2025	3
532	2451	2041	3
530	2454	2030	4
533	2455	2044	4
495	2864	1886	1
625	2459	2404	1
536	2462	2055	4
541	2463	2071	4
713	2799	2797	4
289	2460	2464	4
537	2758	2056	3
712	2792	2790	3
515	2784	2428	1
741	2926	2924	1
521	2479	1991	3
137	2096	2476	3
520	2484	1988	4
141	2093	2481	4
516	2803	2437	3
397	2097	2488	3
517	2808	2435	4
396	2094	2493	4
193	2132	2796	4
540	2500	2068	4
190	2136	2789	3
394	2064	2503	3
312	2508	1291	2
534	2509	2048	2
520	2512	2484	4
643	2513	2481	4
521	2516	2479	3
642	2517	2476	3
539	2521	2062	3
408	2127	2520	3
540	2526	2066	4
409	2130	2525	4
533	2531	2043	4
653	2528	2532	4
532	2536	2040	3
654	2533	2537	3
544	2541	2088	1
548	2542	2098	1
21	973	2543	2
141	993	2093	4
17	969	2548	2
137	992	2096	3
423	2556	1629	3
551	2557	2114	3
420	2561	1614	4
552	2562	2118	4
335	1784	2566	5
252	2164	2565	5
717	2821	2819	1
661	2571	2574	1
574	2578	2212	1
579	2579	2236	1
442	2582	1713	1
663	2581	2583	1
464	2586	1800	5
325	2160	2585	5
436	2183	2590	1
665	2588	2593	1
587	2597	2272	1
666	2594	2598	1
667	2599	2602	5
568	2603	2186	5
473	2607	1823	5
592	2608	2296	5
562	2824	2587	5
575	2612	2218	5
587	2616	2273	1
605	2617	2341	1
581	2621	2241	1
720	2836	2834	1
605	2625	2342	1
684	2675	2674	1
588	2629	2275	1
607	2630	2352	1
476	2633	1833	1
600	2634	2326	1
574	2638	2213	1
607	2639	2353	1
564	2643	2170	1
475	2315	2642	1
571	2647	2199	1
677	2645	2648	1
678	2649	2652	1
677	2653	2646	1
773	3067	3066	3
679	2654	2657	5
579	2660	2234	1
590	2661	2289	1
661	2820	2573	1
361	2356	2663	1
685	2860	2679	1
611	2895	2716	1
590	2854	2669	1
683	2666	2671	1
733	2892	2890	1
475	2624	2674	1
595	2680	2308	1
485	2361	2679	1
468	2314	2834	1
475	2354	2684	1
584	2840	2688	1
612	2845	2689	1
594	2692	2305	1
727	2868	2876	1
600	2696	2328	1
604	2697	2339	1
696	2721	2731	1
487	2379	2700	1
608	2999	2881	1
759	3019	3016	1
146	2754	920	1
692	2706	2870	1
484	2371	2709	1
693	2708	2712	1
360	2695	2970	1
515	3004	2924	1
255	2355	2713	1
695	2714	2717	1
696	2718	2722	1
494	2422	2719	1
752	2981	2977	1
495	2934	2724	1
698	2728	2730	1
698	2726	2731	1
734	2893	2896	1
610	2865	2725	1
470	2360	2737	1
614	2739	2362	1
701	2741	2743	1
701	2742	2901	1
151	2950	926	1
735	2900	2906	1
485	2385	2746	1
700	2749	2736	1
488	2883	2704	1
615	2884	2365	1
708	2767	2948	1
737	2910	2908	1
630	2759	2431	3
706	2758	2760	3
617	3005	2370	1
629	2764	2428	1
621	2946	2748	1
621	2967	2768	1
382	2434	2771	4
709	2770	2774	4
381	2436	2777	3
710	2776	2780	3
711	2783	2785	1
711	2784	2786	1
640	2792	2472	3
712	2790	2793	3
713	2798	2799	4
713	2797	2800	4
632	2957	2779	3
516	2489	2803	3
631	2962	2773	4
517	2494	2808	4
716	2812	2815	1
676	2816	2642	1
717	2817	2821	1
480	2664	2818	1
383	3060	1482	4
669	2826	2611	5
595	2830	2652	1
678	2831	2650	1
671	2836	2618	1
720	2835	2837	1
612	2841	2357	1
687	2842	2689	1
681	2846	2663	1
687	2847	2687	1
488	2704	2849	1
723	2850	2852	1
614	2855	2364	1
683	2856	2670	1
688	2861	2690	1
725	2859	2862	1
697	2866	2724	1
610	2733	2865	1
682	3034	2918	1
755	2998	2996	1
682	3010	2869	1
754	2993	2991	1
729	2873	2875	1
729	2874	2876	1
609	2879	2686	1
686	2880	2683	1
740	2921	2940	1
691	3000	2851	1
181	3026	2942	1
704	2886	2752	1
733	2890	2891	1
230	2877	2887	1
611	2734	2895	1
610	2871	2977	1
753	2988	2985	1
701	2901	2741	1
736	2904	2923	1
735	2906	2898	1
692	2909	2705	1
738	2915	2913	1
738	2912	2914	1
705	2910	2914	1
727	3011	2997	1
728	3035	2979	1
747	2950	2951	1
740	2922	2923	1
702	2952	2927	1
617	2744	2925	1
696	2931	2721	1
704	2932	2750	1
637	2935	2458	1
697	3022	2992	1
608	2881	2984	1
744	2938	2940	1
691	3027	2882	1
759	3018	3017	1
703	2947	2745	1
708	2948	2768	1
747	2952	2953	1
641	2926	2951	1
710	2958	2775	3
714	2959	2804	3
709	2963	2769	4
715	2964	2809	4
705	2968	2755	1
708	2969	2765	1
751	2972	2974	1
751	2971	2975	1
752	2978	2980	1
752	2976	2981	1
753	2985	2987	1
753	2983	2988	1
610	2725	2991	1
728	3046	3032	1
692	2870	2996	1
755	2995	2998	1
723	3001	2850	1
731	3002	2882	1
757	3004	3006	1
617	2925	3005	1
682	2918	3010	1
758	3009	3013	1
732	3018	2885	1
180	2941	3015	1
697	2936	3022	1
760	3021	3024	1
731	3041	2986	1
691	2943	3027	1
763	3038	3036	1
27	2916	3030	1
752	3037	2978	1
762	3038	3032	1
753	3042	2982	1
761	3043	3028	1
754	3047	2993	1
177	3031	3045	1
222	3049	1098	2
294	3050	1235	1
226	3051	1110	2
293	3052	1231	1
320	3053	1319	2
650	3054	2515	3
318	1679	3055	2
649	3057	2511	4
211	3058	1081	5
270	3059	1190	2
664	3061	2584	5
664	2825	3061	5
772	3065	3064	5
772	839	3065	5
500	3067	1909	3
679	3068	2654	5
384	3069	1486	3
491	3070	1872	5
775	3074	3073	5
775	851	3074	5
547	3075	2095	3
657	3076	2550	2
546	3077	2092	4
656	3078	2545	2
239	3079	1129	2
755	3080	2995	1
240	3081	1133	2
744	3082	2938	1
238	3083	1127	2
554	3084	2125	3
237	3085	1123	2
555	3086	2128	4
319	3087	1314	2
637	3088	2457	1
72	1042	3090	2
760	3091	3021	1
236	1326	3092	2
545	3094	2091	1
258	1152	1151	5
111	874	1673	2
92	847	1850	5
10	1246	935	2
10	935	816	4
18	1568	877	1
9	1758	841	5
21	2139	879	2
11	830	817	4
152	928	2407	3
6	931	807	3
82	835	2331	5
65	813	1682	2
5	853	805	2
155	932	2414	4
224	1105	1103	3
766	3049	878	2
20	1802	900	1
369	1437	1436	2
146	921	2966	1
225	1108	1107	2
767	3051	891	2
558	2142	2140	2
434	1686	1685	2
101	860	1185	1
205	1077	1076	1
24	1843	893	1
270	1191	1189	2
657	2550	2548	2
655	2539	2538	1
656	2545	2543	2
302	1264	1263	1
19	1899	887	2
327	1331	1330	1
163	943	2104	1
32	2473	927	1
152	2407	929	3
111	1673	875	2
114	1634	880	2
223	1102	1100	4
7	847	808	3
129	1803	1796	1
12	835	825	4
479	1846	1844	1
134	906	2956	3
97	853	1404	5
138	911	2961	4
259	1156	1154	5
27	1063	916	2
176	1045	1044	2
181	965	3026	1
32	1035	940	2
33	2787	944	3
31	1025	936	2
34	2794	950	4
290	1220	1484	4
658	2554	2553	3
291	1222	1488	3
28	1069	922	2
240	1133	1132	2
36	2420	886	1
770	3059	831	2
659	2559	2558	4
259	1155	1367	5
264	1170	1171	5
637	2459	2456	1
351	1393	1391	5
263	1167	1168	5
592	2296	2295	5
239	1129	1128	2
39	974	1046	2
217	1088	1086	5
245	1140	1161	5
344	1371	1370	1
40	978	1054	2
559	2145	2144	1
324	1329	1328	1
223	1100	1101	4
337	1354	1353	1
177	959	1046	2
428	1655	2084	1
337	1355	1354	1
247	1142	1143	5
97	854	1199	2
224	1103	1104	3
774	3069	850	3
340	1360	1357	5
433	1683	1681	2
578	2229	2228	5
261	1158	1159	5
61	1501	809	3
593	2300	2299	5
63	810	1270	3
91	846	1517	2
658	2557	2554	3
61	1516	808	2
580	2238	2237	5
490	1871	1868	5
771	3060	838	4
424	1637	1635	2
81	834	1537	2
180	1053	1052	2
181	964	1054	2
628	2424	2421	1
601	2333	2331	5
11	817	1047	2
64	811	1625	3
8	813	821	3
65	812	1649	3
35	2401	890	1
427	1650	1649	3
8	821	1040	2
69	818	1666	4
69	1666	819	4
659	2562	2559	4
259	1154	1155	5
74	1496	826	4
117	883	1216	2
76	827	1267	4
531	2038	2034	2
40	820	1614	4
531	2034	2035	2
668	2605	2604	5
83	836	1418	5
74	1536	825	2
76	1532	827	2
374	1457	1454	2
513	1965	1963	2
77	828	1645	4
599	2322	2321	5
430	1670	1667	4
78	829	1669	4
373	1452	1879	4
303	1266	1500	4
366	1429	1430	5
139	912	2807	4
496	1889	1887	4
772	3063	839	4
66	1180	815	2
90	2344	845	5
10	1440	1106	2
498	1902	1900	2
392	1518	1517	2
528	2023	2020	2
365	1428	1424	2
367	1435	1432	2
534	2049	2045	2
367	1433	1471	2
71	1650	822	3
443	1718	1715	5
73	823	1289	3
39	824	1629	3
93	848	2310	5
304	1269	1505	3
93	849	1489	3
135	907	2802	3
497	1895	1893	3
372	1450	3071	3
6	1241	931	2
219	1094	1093	2
244	1137	1138	5
575	2217	2215	5
575	2218	2216	5
270	1192	1191	2
207	1079	1195	2
118	884	1525	2
435	1691	1690	1
764	3043	3039	1
101	1185	861	1
503	1925	1922	3
217	1086	1087	5
5	1838	1403	5
6	1224	1092	2
60	806	1226	2
60	1226	807	2
644	2487	2486	3
332	1338	1337	1
110	873	1165	1
58	1164	804	1
431	1675	1674	2
130	901	1297	2
107	869	1203	2
419	1612	2089	1
111	1654	1058	1
17	874	969	1
115	1304	881	2
542	2076	2074	2
435	1694	1691	1
114	1659	1062	1
114	880	1659	1
21	879	973	1
374	1454	1455	2
218	1091	1089	2
284	1215	1480	2
293	1234	1232	1
550	2110	2107	2
403	1555	1552	1
377	1467	1468	2
63	2046	810	2
90	845	1207	2
294	1238	1236	1
121	888	1572	2
404	1559	1556	1
117	1233	883	1
102	1342	862	1
418	1607	1606	2
542	2074	2075	2
22	2682	1263	1
177	960	3031	1
10	816	1440	2
438	1702	1701	1
369	1439	1437	2
438	1704	1702	1
370	1445	1442	2
764	3039	3040	1
22	2832	2682	1
127	2290	1776	1
112	1639	876	2
113	1296	877	2
272	1198	1199	2
133	905	1422	1
108	1421	870	1
364	1421	1828	1
474	1824	1825	1
27	916	2916	1
501	1917	1913	3
164	2501	945	3
183	1057	2551	2
134	907	1006	2
111	875	1654	1
18	2666	1568	1
650	2516	2514	3
183	967	1057	2
645	2492	2491	4
502	1919	1935	4
169	2496	951	4
138	912	1009	2
429	1663	1661	1
148	2983	923	1
186	1061	2546	2
186	971	1061	2
166	946	2519	3
780	3083	947	2
590	2289	2286	1
614	2363	2670	1
739	2917	3012	1
142	917	3008	1
768	3054	984	3
783	957	3089	2
714	2805	2802	3
120	888	1556	1
171	952	2524	4
781	3085	953	2
103	1078	863	1
22	894	2832	1
779	3082	924	1
179	3014	2751	1
649	2512	2510	4
779	3081	995	2
715	2810	2807	4
622	2389	2386	1
307	1275	1274	2
59	806	1893	3
228	1117	1116	2
296	1244	1242	2
212	1085	1205	2
307	1276	1275	2
155	2414	933	4
66	815	1887	4
227	1114	1113	2
297	1249	1247	2
267	1177	1176	2
299	1255	1254	2
765	3047	3044	1
167	2533	948	3
37	939	1006	2
778	3080	918	1
25	906	1016	2
625	2403	2402	1
742	2929	2928	1
172	2528	954	4
38	943	1009	2
740	2919	2920	1
26	911	1018	2
150	2949	2920	1
165	1022	1021	2
146	920	1024	2
238	1127	1124	2
164	945	1020	2
159	937	1028	2
145	1022	1023	2
159	1028	938	2
238	1124	1125	2
25	1016	949	2
167	948	1026	2
170	1032	1031	2
151	926	1034	2
237	1123	1120	2
169	951	1030	2
162	941	1038	2
150	1032	1033	2
162	1038	942	2
237	1120	1121	2
26	1018	955	2
172	954	1036	2
760	3023	3020	1
71	822	3089	2
72	823	1042	2
778	3079	994	2
73	1045	1043	2
750	2968	2966	1
121	889	1251	1
782	3088	956	1
68	1049	1048	2
69	1050	818	2
69	819	1050	2
118	885	2386	1
70	1053	1051	2
32	2781	2473	1
403	1552	1553	1
784	3094	961	1
135	1055	1007	2
182	1055	1056	2
776	3076	909	2
112	876	2079	1
184	968	2552	2
655	2541	2539	1
139	1059	1010	2
185	1059	1060	2
777	3078	914	2
161	2782	940	1
187	972	2547	2
185	971	1282	1
748	2959	2956	3
27	960	1063	2
143	917	1068	2
189	1066	975	2
33	1012	977	2
189	976	1066	2
749	2964	2961	4
28	965	1069	2
148	923	1074	2
192	1072	979	2
34	1013	981	2
192	980	1072	2
598	2319	2316	1
704	2750	2751	1
743	2935	2933	1
783	3091	957	1
217	1087	1406	5
775	3073	991	5
443	1715	1716	5
355	1407	1405	5
245	1139	1140	5
91	1869	846	5
249	1147	1146	5
351	1394	1392	5
591	2290	2291	1
125	896	2241	1
130	2382	901	1
332	1341	1338	1
568	2187	2184	5
340	1357	1358	5
359	1412	1411	2
120	1237	887	1
269	1188	1186	1
742	2931	2929	1
416	1599	1954	1
333	1345	1343	1
8	1040	1313	2
222	1099	1414	2
412	1587	1585	2
218	1089	1090	2
119	885	2051	2
80	1194	832	2
209	1878	1460	4
509	1948	2418	4
493	1884	1882	3
506	1936	2411	3
211	1081	1083	5
668	2607	2605	5
212	1084	1085	2
275	1202	1204	2
25	949	2775	3
153	1936	930	3
26	955	2769	4
156	1948	934	4
191	2116	979	4
386	1492	1493	4
188	2112	975	3
773	3068	989	5
258	1151	1153	5
352	1398	1395	5
226	1110	1111	2
218	1090	1212	2
553	2122	2120	2
212	1227	1201	2
175	958	2989	1
586	2269	2267	1
194	2588	1830	1
450	1748	1746	1
222	1098	1099	2
203	1413	1178	2
223	1889	1461	4
509	1951	1949	4
224	1895	1465	3
506	1939	1937	3
769	3057	985	4
371	1446	1862	2
279	1210	1211	2
226	1111	1112	2
317	1308	1567	2
297	1250	1248	2
29	928	1601	2
296	1245	1243	2
153	1259	929	2
153	930	1259	2
187	1662	972	1
564	2169	2166	1
182	967	1279	1
456	1774	2199	1
713	2800	2795	4
502	1921	1918	4
712	2793	2788	3
501	1913	1914	3
121	1572	889	2
35	890	1300	2
317	1307	1308	2
156	1562	933	2
434	1688	1686	2
36	886	1585	2
237	1121	1122	2
781	3086	997	4
238	1125	1126	2
780	3084	996	3
239	1131	1130	2
239	1128	1131	2
240	1135	1134	2
240	1132	1135	2
437	1699	1697	1
595	2308	2306	1
323	1327	2146	1
128	899	1795	1
333	1342	1344	1
567	2181	2592	1
263	1168	1390	5
81	1821	834	5
462	1792	1790	5
196	1730	1160	5
20	2257	1802	1
131	2351	902	1
490	1869	2348	5
340	1361	1359	5
197	2563	1717	5
217	1406	1088	5
249	1146	1366	5
469	1813	1811	5
38	970	1597	1
450	1746	2284	1
352	1395	1396	5
467	1807	2165	5
679	2656	2655	5
451	1749	2157	5
451	1750	1749	5
345	1377	1375	5
159	1612	937	1
662	2578	2575	1
437	1698	2173	1
300	1257	2736	1
440	1708	1706	5
256	1150	1727	5
472	1818	1816	1
347	1379	1380	1
452	1755	1753	5
248	1397	1145	5
349	1386	1383	5
264	1172	1368	5
349	1385	1709	5
211	1083	1771	5
446	1734	1731	5
46	1142	1159	5
577	2227	2224	1
574	2214	2210	1
569	2190	2188	5
350	1387	1389	5
349	1383	1385	5
469	1814	1812	5
448	1740	1738	1
560	2149	2148	1
89	1433	843	2
371	1449	1447	2
365	1424	1425	2
225	1179	1108	2
365	1427	1426	2
370	1444	1443	2
123	1187	892	1
479	1847	1845	1
270	1190	1192	2
770	3058	986	5
284	1218	1217	2
281	1214	1458	2
106	1200	867	2
212	1201	1084	2
320	1320	3053	2
507	1943	1940	3
520	1988	1987	4
508	1947	1944	4
219	1228	1206	2
219	1206	1094	2
222	1859	1097	2
648	2509	2506	2
679	2657	2656	5
216	1967	1490	3
215	2008	1520	4
215	1931	1494	4
279	1213	1212	2
226	1213	1109	2
671	2618	2619	1
357	1409	1833	1
550	2107	2108	2
78	1322	829	2
568	2186	2185	5
411	1584	1582	3
492	1878	1879	4
410	1581	1579	4
380	1479	1477	2
380	1477	1478	2
213	1223	1487	3
190	976	2136	3
504	1929	1926	4
193	980	2132	4
513	1963	1964	2
395	1527	1526	2
306	1273	1543	3
630	2433	2430	3
305	1272	1547	4
541	2073	2070	4
410	1580	2013	4
410	1579	2032	4
216	2014	1522	3
411	1582	2027	3
292	1225	1229	2
212	1205	1227	2
322	1325	3093	2
767	3052	983	1
404	1560	1558	1
766	3050	982	1
312	1292	2048	2
618	2374	2372	2
296	1241	1244	2
228	1245	1117	2
297	1246	1249	2
227	1250	1114	2
220	2258	1095	1
765	3044	3045	1
156	934	1562	2
299	1254	1609	2
37	966	2098	1
254	2233	1402	1
301	1260	1261	2
301	1261	1278	2
416	1600	1599	1
674	2633	2631	1
387	1496	1498	4
518	1980	1976	4
388	1501	1503	3
519	1985	1981	3
310	1287	1286	4
402	1551	1549	4
427	1652	1651	3
514	1971	1968	3
314	1299	1297	2
229	1262	1277	2
428	1658	1656	1
738	2911	2912	1
115	881	1619	1
421	1622	1621	1
68	1002	1665	4
420	1618	1616	4
422	1627	1626	3
423	1633	1631	3
65	1682	812	2
315	1301	1576	2
425	1643	1640	2
417	1604	1603	2
229	1277	1298	2
313	1294	1642	2
234	1904	1513	2
312	1303	1292	2
424	1638	1636	2
316	1306	1610	2
405	1563	1564	2
299	1256	1566	2
317	1309	1312	2
317	1312	1307	2
319	1317	1316	2
315	1317	1300	2
17	1008	1318	2
417	1602	1604	2
434	1689	1687	2
535	2054	2051	2
322	1324	1325	2
784	961	3092	2
280	2340	1865	1
50	1077	1370	1
241	1698	1333	1
354	1401	1724	1
570	2195	2192	5
718	2826	2823	5
350	1389	1729	5
196	1765	1730	5
560	2152	2149	1
721	2840	2838	1
572	2204	2201	1
127	1776	897	1
572	2203	2202	1
468	1810	2170	1
438	1705	1703	1
449	1745	1743	1
458	1782	1779	1
585	2265	2262	1
246	1340	1141	1
201	1166	1339	1
333	1346	1345	1
450	1747	1748	1
462	1793	1791	5
578	2232	2229	5
452	1757	1754	5
493	1883	3072	3
197	1717	1351	5
258	1352	1152	5
337	1356	1723	1
337	1353	1356	1
695	2715	2713	1
331	2220	1741	1
680	2659	2658	1
131	2626	2351	1
202	1144	1359	5
251	1361	1148	5
563	2162	2163	5
451	1752	1750	5
259	1367	1156	5
264	1368	1170	5
567	2182	2180	1
598	2316	2317	1
243	1373	1136	1
442	1714	2208	1
356	1408	2156	5
196	1160	1374	5
759	3014	3015	1
689	2696	2694	1
347	1381	1819	1
347	1380	1381	1
211	1771	1082	5
469	1811	2255	5
363	1419	2248	5
349	1384	1386	5
366	1431	1762	5
350	1388	1390	5
263	1394	1167	5
441	1712	2191	5
336	1352	1399	5
452	1754	1755	5
681	2662	2822	1
160	2086	938	1
717	2820	2818	1
577	2226	2225	1
5	852	1838	5
478	1841	1840	5
462	1794	1792	5
467	1809	2158	5
587	2274	2271	1
483	1857	1855	1
358	1410	1785	5
477	1836	1835	5
359	1413	1415	2
128	1177	1411	2
693	2712	2707	1
617	2370	2711	1
661	2574	2570	1
725	2860	2857	1
603	2337	2336	1
600	2329	2327	1
583	2252	2253	5
569	2189	2196	5
588	2275	2276	1
257	1826	1817	1
365	1425	1427	2
365	1426	1428	2
256	1711	1150	5
326	1761	1728	5
618	2375	2373	2
486	1861	1860	2
510	1952	2889	1
280	2622	2340	1
369	1436	1438	2
369	1438	1439	2
267	1444	1178	2
370	1441	1445	2
498	1903	1901	2
367	1449	1435	2
635	2449	2448	3
525	2006	2004	3
636	2453	2452	4
523	1998	1996	4
208	1196	1456	2
399	1539	1537	2
223	1461	1102	4
390	1511	1892	4
224	1465	1105	3
389	1508	1898	3
90	1207	1468	2
206	1434	1469	2
507	1942	1941	3
525	2007	2005	3
508	1946	1945	4
523	1999	1997	4
380	1476	1479	2
380	1478	1480	2
623	2395	2391	3
539	2064	2063	3
624	2399	2396	4
540	2068	2067	4
214	1221	1483	4
624	2398	2397	4
491	1875	1874	5
623	2393	2392	3
706	2760	2756	3
411	1583	2018	3
639	2465	2464	4
290	1495	1220	4
502	1918	1919	4
518	1979	1977	4
501	1916	1915	3
519	1984	1982	3
389	1506	1507	3
378	1473	2410	3
390	1509	1510	4
627	2417	2416	4
618	2376	2374	2
295	1906	1575	2
392	1519	1518	2
528	2020	2021	2
526	2011	2010	4
639	2467	2465	4
291	2016	1911	3
640	2470	2469	3
395	1524	1527	2
287	1528	1219	2
634	2446	2443	4
396	1529	1962	4
633	2441	2438	3
397	1530	1958	3
321	1323	2059	2
538	2061	2058	2
531	2037	2036	2
281	1458	1538	2
413	1591	1589	3
519	1981	1983	3
414	1594	1592	4
232	1268	1976	4
402	1549	1934	4
289	1546	1550	4
619	2379	2377	1
403	1554	1555	1
404	1558	1559	1
404	1557	1560	1
299	1566	1255	2
317	1567	1309	2
673	2626	2627	1
543	2083	2081	1
407	1571	1575	2
315	1576	1302	2
381	2026	1994	3
647	2505	2502	3
382	2031	2002	4
646	2500	2497	4
215	1494	2008	4
533	2044	2042	4
285	1523	2015	3
532	2041	2039	3
535	2053	2052	2
77	1321	2108	2
33	977	2787	3
413	1590	1591	3
34	981	2794	4
414	1593	1594	4
415	1595	1596	1
548	2101	2100	1
309	1600	1282	1
730	2877	2878	1
229	1294	1603	2
553	2123	2121	2
299	1609	1256	2
542	2078	2076	2
415	1596	2088	1
353	2649	2305	1
305	1617	1272	4
420	1615	1618	4
421	1620	1622	1
421	1621	1623	1
422	1624	1627	3
311	1628	1290	3
423	1631	1632	3
311	1633	1289	3
424	1636	1637	2
432	1679	2143	2
425	1639	1642	2
425	1641	1643	2
426	1644	1646	4
426	1646	1647	4
427	1653	1652	3
427	1648	1653	3
184	1657	968	1
308	2082	1281	1
429	1664	1663	1
115	1619	1660	1
426	1647	1671	4
426	1671	1645	4
431	1672	1676	2
320	2122	1676	2
432	1677	1678	2
432	1678	3056	2
433	1684	1683	2
433	1680	1684	2
434	1687	1688	2
434	1685	1689	2
323	1693	1327	1
435	1692	1694	1
567	2180	2181	1
436	1695	1696	1
566	2178	2176	1
437	1697	1700	1
438	1703	1704	1
438	1701	1705	1
439	2177	2174	1
338	2263	2221	1
349	1709	1384	5
351	2194	1393	5
464	1801	2586	5
366	2217	1431	5
670	2616	2613	1
280	2672	2622	1
563	2163	2569	5
336	1719	1350	5
337	1723	1355	1
195	1400	1720	1
446	1731	1732	5
350	1729	1388	5
334	1767	1347	5
326	1728	1733	5
579	2236	2235	1
447	1736	1737	1
448	1739	1740	1
458	1779	1780	1
663	2583	2580	1
449	1742	1745	1
589	2282	2281	1
343	2282	1855	1
253	1376	1751	5
356	2156	1852	5
452	1753	1756	5
452	1756	1757	5
366	1762	1429	5
256	1727	1760	5
326	1733	1766	5
578	2231	2230	5
455	1770	1772	5
455	1772	1773	5
719	2830	2827	1
439	2198	2177	1
591	2294	2292	1
560	2151	2150	1
458	1780	1799	1
331	1741	1781	1
459	1783	2568	5
491	1874	2602	5
460	1786	2213	1
588	2278	2277	1
580	2240	2239	5
461	1787	1789	5
462	1790	1793	5
462	1791	1794	5
576	2223	2221	1
331	1781	1798	1
599	2324	2322	5
325	2247	2193	5
329	2811	2640	1
670	2613	2614	1
584	2261	2259	1
331	1798	1804	1
197	1348	2563	5
467	1808	1809	5
581	2244	2243	1
663	2582	2598	1
469	1812	1813	5
583	2256	2254	5
685	2680	2677	1
746	2945	2944	1
31	936	2765	1
611	2355	2665	1
474	1825	1827	1
339	2576	2234	1
592	2298	2297	5
601	2334	2332	5
474	1826	1828	1
347	1819	1827	1
716	2814	2812	1
329	2640	2168	1
665	2593	2590	1
701	2740	2852	1
451	2157	1751	5
358	1837	1410	5
358	1785	2600	5
355	1842	1407	5
479	1845	1846	1
745	2941	2942	1
721	2838	2839	1
719	2829	2828	1
606	2347	2346	5
596	2313	2311	5
675	2638	2635	1
406	2363	1570	1
589	2280	2283	1
250	1831	1854	1
674	2634	2632	1
707	2762	2761	1
708	2766	2767	1
692	2705	2862	1
486	1859	1861	2
486	1860	1862	2
598	2320	2318	1
604	2339	2702	1
616	2369	2367	1
362	2699	2378	1
672	2624	2815	1
701	2743	2740	1
461	2347	2302	5
490	1870	1871	5
774	3070	990	5
94	1834	1872	5
375	1880	1459	4
562	2160	2161	5
493	1882	1883	3
493	1881	1884	3
494	1885	2390	1
362	2726	2699	1
495	1886	2359	1
699	2734	2732	1
274	1462	1890	4
390	1892	1509	4
273	1466	1896	3
389	1898	1506	3
498	1901	1902	2
498	1899	1903	2
391	1907	1514	2
234	1574	1904	2
500	1909	1911	3
216	1490	1910	3
501	1914	1916	3
277	1504	1915	3
505	1930	1933	4
278	1499	1920	4
503	1922	1924	3
213	1487	1923	3
504	1926	1928	4
214	1483	1927	4
402	1934	1548	4
278	1920	1932	4
521	1990	2412	3
506	1938	1939	3
507	1940	1942	3
507	1941	1943	3
508	1944	1946	4
508	1945	1947	4
520	1987	2419	4
509	1950	1951	4
162	942	2425	1
733	2891	2888	1
378	1957	1472	3
521	1991	1990	3
379	1961	1474	4
140	2492	2092	4
513	1966	1965	2
513	1964	1966	2
514	1968	1970	3
288	1542	1969	3
757	3006	3003	1
549	2106	2429	1
532	2039	2778	3
516	1972	1973	3
533	2042	2772	4
517	1974	1975	4
518	1978	1979	4
518	1977	1980	4
519	1983	1984	3
519	1982	1985	3
769	985	3055	2
546	2094	2485	4
136	2487	2095	3
547	2097	2480	3
632	2436	2442	3
522	1992	1995	3
624	2400	2398	4
523	1996	1999	4
631	2434	2447	4
524	2000	2003	4
623	2394	2393	3
525	2004	2007	3
526	2009	2012	4
410	2013	1581	4
411	2018	1584	3
527	2014	2019	3
528	2021	2022	2
528	2022	2023	2
411	2027	1583	3
213	1992	2024	3
410	2032	1580	4
214	2000	2029	4
531	2035	2037	2
531	2036	2038	2
651	2522	2519	3
635	2451	2449	3
652	2527	2524	4
636	2455	2453	4
648	2506	2507	2
534	2047	2049	2
535	2050	2053	2
535	2052	2054	2
638	2463	2461	4
556	2134	2133	4
706	2759	2757	3
557	2138	2137	3
538	2058	2060	2
236	1587	2057	2
408	2065	1577	3
537	2056	2504	3
409	2069	1578	4
536	2055	2499	4
541	2070	2072	4
541	2071	2073	4
542	2075	2077	2
542	2077	2078	2
543	2080	2083	1
428	2084	1658	1
655	2542	2540	1
544	2087	2089	1
615	2365	2729	1
751	2975	2970	1
645	2494	2493	4
643	2482	2483	4
644	2489	2488	3
642	2477	2478	3
308	2101	1279	1
415	2102	1595	1
416	2105	1597	1
549	2105	2106	1
550	2111	2110	2
321	2059	2109	2
658	2556	2555	3
551	2114	2115	3
659	2561	2560	4
552	2118	2119	4
417	2123	1601	2
313	1675	2121	2
554	2127	2537	3
651	2521	2520	3
555	2130	2532	4
652	2526	2525	4
536	2466	2462	4
552	2134	2117	4
557	2137	2472	3
551	2138	2113	3
558	2141	2142	2
558	2139	2143	2
559	2147	2209	1
559	2144	2147	1
560	2148	2151	1
560	2150	2152	1
467	2158	1807	5
341	1851	2155	5
718	2823	3062	5
562	2161	2611	5
251	1718	2564	5
563	2164	2165	5
328	1744	2167	1
597	2314	2644	1
565	2172	2173	1
439	2571	2198	1
195	1720	2175	1
565	2179	2172	1
567	2183	2182	1
465	2596	2273	1
568	2185	2187	5
493	3072	1881	3
599	2321	2323	5
569	2188	2191	5
582	2246	2249	5
569	2196	2190	5
480	2572	1848	1
571	2197	2200	1
572	2201	2203	1
572	2202	2204	1
559	2209	2146	1
343	1832	2589	1
675	2639	2636	1
257	1817	2211	1
86	988	2215	5
772	988	3063	4
576	2219	2222	1
331	1804	2220	1
577	2224	2226	1
577	2225	2227	1
578	2228	2231	5
578	2230	2232	5
662	2575	2577	1
590	2286	2287	1
580	2237	2240	5
580	2239	2303	5
581	2242	2244	1
581	2243	2245	1
464	2250	1801	5
570	2251	2195	5
583	2254	2255	5
583	2253	2256	5
338	1805	2259	1
722	2845	2843	1
439	2174	2264	1
576	2266	2219	1
586	2268	2269	1
586	2267	2270	1
670	2617	2615	1
587	2272	2274	1
133	1422	2276	1
588	2277	2279	1
450	2284	1747	1
483	2285	1856	1
620	2384	2383	1
680	2661	2659	1
591	2292	2293	1
591	2291	2294	1
592	2295	2298	5
592	2297	2608	5
593	2301	2302	5
580	2303	2238	5
594	2651	2648	1
722	2846	2844	1
724	2854	2853	1
719	2827	2829	1
596	2311	2312	5
92	1850	2309	5
671	2621	2620	1
329	2594	2811	1
598	2318	2319	1
487	2320	1863	1
464	2324	2250	5
599	2323	2325	5
488	2971	2727	1
600	2328	2329	1
601	2332	2333	5
601	2330	2334	5
737	2908	2907	1
471	2976	2872	1
603	2335	2337	1
603	2336	2338	1
604	2972	2697	1
603	2338	2701	1
484	2709	2368	1
489	2343	1866	1
490	2348	1870	5
606	2344	2349	5
673	2629	2628	1
675	2635	2637	1
736	2903	2902	1
608	2984	2899	1
733	2888	2889	1
597	2315	2685	1
471	2872	2691	1
699	2733	2897	1
695	2717	2715	1
726	2867	2863	1
625	2405	2403	1
687	2687	2688	1
613	2360	2681	1
602	2859	2693	1
620	2383	2671	1
614	2364	2739	1
494	2719	2380	1
545	2720	2423	1
616	2366	2369	1
702	2744	2905	1
693	2707	2710	1
161	941	2782	1
618	2372	2375	2
618	2373	2376	2
603	2701	2335	1
494	2380	1885	1
620	2382	2384	1
683	2668	2669	1
703	2747	2746	1
613	2747	2738	1
403	2389	1554	1
36	2090	2420	1
623	2391	2394	3
525	2395	2006	3
624	2397	2399	4
624	2396	2400	4
782	3087	998	2
495	2359	2404	1
506	2411	1938	3
29	1989	2406	3
509	2418	1950	4
30	1986	2413	4
742	2932	2930	1
494	2390	2422	1
707	2764	2762	1
549	2429	2104	1
630	2430	2432	3
630	2431	2433	3
634	2443	2445	4
653	2531	2774	4
633	2438	2440	3
654	2536	2780	3
633	2439	2441	3
633	2440	2442	3
634	2444	2446	4
634	2445	2447	4
635	2448	2450	3
635	2450	2451	3
636	2452	2454	4
636	2454	2455	4
726	2863	2864	1
637	2458	2459	1
638	2461	2462	4
638	2460	2463	4
639	2466	2799	4
638	2468	2460	4
706	2757	2758	3
640	2471	2792	3
711	2785	2784	1
641	2475	2926	1
642	2478	2479	3
547	2480	2096	3
643	2483	2484	4
546	2485	2093	4
714	2804	2803	3
547	2490	2097	3
715	2809	2808	4
546	2495	2094	4
556	2798	2132	4
646	2498	2500	4
557	2791	2136	3
539	2505	2064	3
648	2507	2508	2
648	2508	2509	2
649	2513	2512	4
649	2511	2513	4
650	2517	2516	3
650	2515	2517	3
651	2518	2521	3
554	2522	2127	3
652	2523	2526	4
555	2527	2130	4
653	2530	2531	4
172	2129	2528	4
654	2535	2536	3
167	2126	2533	3
655	2540	2541	1
655	2538	2542	1
187	2547	973	2
777	3077	993	4
184	2552	969	2
776	3075	992	3
658	2553	2556	3
658	2555	2557	3
659	2558	2561	4
659	2560	2562	4
459	2568	1784	5
563	2569	2164	5
677	2647	2821	1
439	2264	2571	1
662	2576	2578	1
662	2577	2579	1
663	2580	2582	1
329	2168	2581	1
664	2584	2586	5
562	2587	2160	5
567	2592	2183	1
194	2205	2588	1
666	2595	2597	1
329	2581	2594	1
95	1873	2599	5
667	2601	2603	5
668	2606	2607	5
668	2604	2608	5
718	2825	2824	5
669	2610	2612	5
670	2615	2616	1
670	2614	2617	1
671	2619	2621	1
671	2620	2836	1
672	2623	2625	1
609	2354	2675	1
673	2627	2629	1
673	2628	2630	1
674	2632	2633	1
674	2631	2634	1
675	2636	2638	1
675	2637	2639	1
676	2641	2643	1
597	2644	2315	1
677	2646	2647	1
255	2304	2645	1
353	2307	2649	1
678	2650	2653	1
500	1912	3067	3
93	2310	2654	5
680	2658	2660	1
680	2660	2661	1
717	2819	2820	1
611	2665	2356	1
725	2858	2860	1
734	2896	2895	1
724	2856	2854	1
18	2381	2666	1
730	2879	2892	1
672	2676	2624	1
685	2678	2680	1
613	2681	2361	1
597	2835	2314	1
609	2686	2354	1
721	2842	2840	1
722	2847	2845	1
688	2690	2692	1
602	2873	2868	1
689	2695	2696	1
689	2694	2697	1
615	2729	2721	1
619	2703	2379	1
756	3002	2999	1
745	2943	3019	1
705	2753	2754	1
602	2868	2706	1
617	2711	2371	1
368	2673	2708	1
689	2973	2695	1
757	3007	3004	1
611	2716	2355	1
471	2691	2714	1
362	2378	2718	1
628	2723	2422	1
734	2894	2981	1
743	2936	2934	1
604	2702	2728	1
362	2718	2726	1
471	2714	2893	1
726	2866	2865	1
613	2738	2360	1
700	2735	2739	1
484	2368	2741	1
608	2899	2742	1
747	2949	2950	1
694	2904	2900	1
621	2748	2385	1
703	2745	2749	1
732	2885	2883	1
732	2883	2884	1
419	2945	2767	1
705	2755	2910	1
706	2756	2759	3
537	2471	2758	3
757	3003	3005	1
707	2763	2764	1
746	2947	2946	1
750	2969	2967	1
631	2773	2434	4
173	2529	2770	4
632	2779	2436	3
168	2534	2776	3
162	2425	2783	1
515	2475	2784	1
712	2791	2792	3
537	2504	2790	3
556	2467	2798	4
536	2499	2797	4
748	2958	2957	3
644	2805	2489	3
749	2963	2962	4
645	2810	2494	4
465	2623	2812	1
716	2813	2816	1
255	2645	2817	1
681	2822	2664	1
771	987	3060	4
718	2824	2826	5
719	2831	2830	1
719	2828	2831	1
720	2833	2836	1
597	2685	2835	1
721	2839	2841	1
721	2841	2842	1
722	2843	2846	1
722	2844	2847	1
691	2851	2704	1
608	2742	2850	1
724	2853	2855	1
724	2855	2856	1
725	2857	2861	1
602	2706	2859	1
726	2864	2866	1
699	2867	2733	1
763	3036	3034	1
738	2913	2998	1
758	3011	3010	1
728	2871	2993	1
602	2693	2873	1
682	2869	2874	1
730	2880	2879	1
730	2878	2880	1
694	2939	2921	1
756	3001	3000	1
761	3029	3026	1
732	2884	2886	1
609	2675	2890	1
730	2892	2877	1
699	2897	2734	1
728	2979	2871	1
744	2939	2988	1
735	2898	2901	1
694	2921	2904	1
736	2902	2906	1
737	2907	2909	1
737	2909	2915	1
145	2753	2912	1
737	2915	2910	1
758	3013	3011	1
763	3037	3035	1
151	2474	2950	1
702	2905	2922	1
747	2954	2952	1
702	2927	2744	1
742	2930	2931	1
742	2928	2932	1
743	2934	2935	1
760	3024	3022	1
731	2986	2881	1
149	2919	2938	1
761	3028	3027	1
732	2886	3018	1
746	2944	2947	1
746	2946	2948	1
702	2922	2952	1
741	2954	2926	1
748	2955	2958	3
748	2957	2959	3
749	2960	2963	4
749	2962	2964	4
750	2967	2968	1
750	2965	2969	1
604	2728	2972	1
488	2849	2971	1
682	2874	2978	1
471	2893	2976	1
694	2900	2985	1
148	2937	2983	1
697	2992	2725	1
765	3048	3046	1
727	2997	2870	1
144	2911	2995	1
756	2999	3001	1
756	3000	3002	1
515	2763	3004	1
741	3007	2925	1
739	3012	2918	1
143	2994	3009	1
759	3016	3018	1
745	3019	2941	1
743	3023	2936	1
175	2989	3021	1
764	3042	3041	1
745	3029	2943	1
762	3033	3038	1
739	3033	2916	1
763	3034	3037	1
763	3035	3038	1
764	3040	3042	1
764	3041	3043	1
765	3046	3047	1
762	3048	3031	1
766	982	3049	2
766	878	3050	1
767	983	3051	2
767	891	3052	1
768	984	3053	2
768	910	3054	3
432	3056	1679	2
769	915	3057	4
770	831	3058	5
770	986	3059	2
771	838	3061	5
718	3062	2825	5
669	2612	3065	5
85	2609	839	5
773	989	3067	3
773	849	3068	5
774	990	3069	3
774	850	3070	5
667	2603	3074	5
95	2599	851	5
776	909	3075	3
776	992	3076	2
777	914	3077	4
777	993	3078	2
778	918	3079	2
778	994	3080	1
779	924	3081	2
779	995	3082	1
780	996	3083	2
780	947	3084	3
781	997	3085	2
781	953	3086	4
782	956	3087	2
782	998	3088	1
175	999	1042	2
783	999	3091	1
322	3093	1326	2
784	1000	3094	1
1151	1152	794	5
1673	874	1672	2
1850	847	1849	5
935	1246	1248	2
816	935	1015	4
877	1568	1569	1
841	1758	1759	5
879	2139	2140	2
817	830	1002	4
2407	928	2406	3
807	931	1014	3
2331	835	2330	5
1682	813	1680	2
805	853	1005	2
2414	932	2413	4
1103	1105	852	3
878	3049	1097	2
900	1802	1803	1
1436	1437	814	2
2966	921	2965	1
1107	1108	897	2
891	3051	1109	2
2140	2142	1634	2
1685	1686	830	2
1185	860	1184	1
1076	1077	795	1
893	1843	1844	1
1189	1191	858	2
2548	2550	1008	2
2538	2539	939	1
2543	2545	1011	2
1263	1264	882	1
887	1899	1900	2
1330	1331	800	1
2104	943	2103	1
927	2473	2474	1
929	2407	2408	3
875	1673	1674	2
880	1634	1635	2
1100	1102	840	4
808	847	1004	3
1796	1803	1806	1
825	835	1003	4
1844	1846	1187	1
2956	906	2955	3
1404	853	1403	5
2961	911	2960	4
1154	1156	855	5
916	1063	1064	2
1044	1045	824	2
3026	965	3025	1
940	1035	1036	2
944	2787	2788	3
936	1025	1026	2
950	2794	2795	4
1484	1220	1481	4
2553	2554	974	3
1488	1222	1485	3
922	1069	1070	2
1132	1133	1013	2
886	2420	2421	1
831	3059	1189	2
2558	2559	978	4
1367	1155	1363	5
1171	1170	786	5
2456	2459	2401	1
1391	1393	1138	5
1168	1167	788	5
2295	2296	832	5
1128	1129	1012	2
1046	974	1065	2
1086	1088	866	5
1161	1140	1158	5
1370	1371	796	1
1054	978	1071	2
2144	2145	797	1
1328	1329	801	1
1101	1100	814	4
1353	1354	802	1
1046	959	1044	2
2084	1655	2079	1
1354	1355	1141	1
1143	1142	791	5
1199	854	1197	2
1104	1103	805	3
850	3069	1485	3
1357	1360	1143	5
1681	1683	1291	2
2228	2229	842	5
1159	1158	790	5
809	1501	1502	3
2299	2300	844	5
1270	810	1269	3
1517	846	1515	2
2554	2557	2112	3
808	1516	1515	2
2237	2238	843	5
1868	1871	1849	5
838	3060	1481	4
1635	1637	1304	2
1537	834	1535	2
1052	1053	820	2
1054	964	1052	2
2421	2424	2387	1
2331	2333	1417	5
1047	817	1048	2
1625	811	1624	3
821	813	1001	3
1649	812	1648	3
890	2401	2402	1
1649	1650	1001	3
1040	821	1041	2
1666	818	1665	4
819	1666	1667	4
2559	2562	2116	4
1155	1154	785	5
826	1496	1497	4
1216	883	1215	2
1267	827	1266	4
2034	2038	1536	2
1614	820	1615	4
2035	2034	826	2
2604	2605	833	5
1418	836	1417	5
825	1536	1535	2
827	1532	1531	2
1454	1457	1194	2
1963	1965	1219	2
1645	828	1644	4
2321	2322	837	5
1667	1670	1285	4
1669	829	1668	4
1879	1452	1876	4
1500	1266	1497	4
1430	1429	840	5
2807	912	2806	4
1887	1889	1101	4
839	3063	1876	4
815	1180	1181	2
845	2344	2345	5
1106	1440	1443	2
1900	1902	1239	2
1517	1518	1208	2
2020	2023	1516	2
1424	1428	1182	2
1432	1435	1174	2
2045	2049	1512	2
1471	1433	1467	2
822	1650	1651	3
1715	1718	1148	5
1289	823	1288	3
1629	824	1630	3
2310	848	2309	5
1505	1269	1502	3
1489	849	3066	3
2802	907	2801	3
1893	1895	1104	3
3071	1450	851	3
931	1241	1243	2
1093	1094	904	2
1138	1137	787	5
2215	2217	1430	5
2216	2218	1711	5
1191	1192	1080	2
1195	1079	1193	2
1525	884	1524	2
1690	1691	798	1
3039	3043	3025	1
861	1185	1186	1
1922	1925	1486	3
1087	1086	854	5
1403	1838	1842	5
1092	1224	1228	2
1226	806	1225	2
807	1226	1224	2
2486	2487	908	3
1337	1338	803	1
1165	873	1163	1
804	1164	1163	1
1674	1675	1293	2
1297	901	1295	2
1203	869	1202	2
2089	1612	2085	1
1058	1654	1657	1
969	874	1058	1
881	1304	1305	2
2074	2076	894	2
1691	1694	1334	1
1062	1659	1662	1
1659	880	1660	1
973	879	1062	1
1455	1454	833	2
1089	1091	892	2
1480	1215	1476	2
1232	1234	1096	1
2107	2110	1532	2
1552	1555	1233	1
1468	1467	844	2
810	2046	2045	2
1207	845	1208	2
1236	1238	1095	1
1572	888	1571	2
1556	1559	1237	1
883	1233	1231	1
862	1342	1343	1
1606	1607	895	2
2075	2074	882	2
1263	2682	2683	1
3031	960	3030	1
1440	816	1441	2
1701	1702	799	1
1437	1439	1180	2
1702	1704	1330	1
1442	1445	1183	2
3040	3039	922	1
2682	2832	2837	1
1776	2290	2293	1
876	1639	1640	2
877	1296	1295	2
1199	1198	1005	2
1422	905	1420	1
870	1421	1420	1
1828	1421	1824	1
1825	1824	871	1
2916	916	2917	1
1913	1917	1503	3
945	2501	2502	3
2551	1057	2549	2
1006	907	1007	2
1654	875	1655	1
1568	2666	2667	1
2514	2516	1989	3
1057	967	1056	2
2491	2492	913	4
1935	1919	1930	4
951	2496	2497	4
1009	912	1010	2
1661	1663	1283	1
923	2983	2982	1
2546	1061	2544	2
1061	971	1060	2
2519	946	2518	3
947	3083	1126	2
2286	2289	2233	1
2670	2363	2667	1
3012	2917	3008	1
3008	917	3009	1
984	3054	2514	3
3089	957	1041	2
2802	2805	2486	3
1556	888	1557	1
2524	952	2523	4
953	3085	1122	2
863	1078	1076	1
2832	894	2833	1
924	3082	2937	1
2751	3014	3017	1
2510	2512	1986	4
995	3081	1134	2
2807	2810	2491	4
2386	2389	1553	1
1274	1275	902	2
1893	806	1894	3
1116	1117	903	2
1242	1244	1093	2
1205	1085	1203	2
1275	1276	1116	2
933	2414	2415	4
1887	815	1888	4
1113	1114	896	2
1247	1249	1107	2
1176	1177	898	2
1254	1255	1113	2
3044	3047	2990	1
948	2533	2534	3
1006	939	1017	2
918	3080	2994	1
1016	906	1017	2
2402	2403	1252	1
2928	2929	2091	1
954	2528	2529	4
1009	943	1019	2
2920	2919	925	1
1018	911	1019	2
2920	2949	2953	1
1021	1022	919	2
1024	920	1023	2
1124	1127	1025	2
1020	945	1021	2
1028	937	1027	2
1023	1022	946	2
938	1028	1029	2
1125	1124	921	2
949	1016	1029	2
1026	948	1027	2
1031	1032	925	2
1034	926	1033	2
1120	1123	1035	2
1030	951	1031	2
1038	941	1037	2
1033	1032	952	2
942	1038	1039	2
1121	1120	927	2
955	1018	1039	2
1036	954	1037	2
3020	3023	2933	1
3089	822	3090	2
1042	823	1043	2
994	3079	1130	2
1043	1045	958	2
2966	2968	2754	1
1251	889	1252	1
956	3088	2456	1
1048	1049	962	2
818	1050	1049	2
1050	819	1051	2
2386	885	2387	1
1051	1053	963	2
2473	2781	2786	1
1553	1552	884	1
961	3094	2090	1
1007	1055	966	2
1056	1055	908	2
909	3076	2549	2
2079	876	2080	1
2552	968	2551	2
2539	2541	2086	1
1010	1059	970	2
1060	1059	913	2
914	3078	2544	2
940	2782	2781	1
2547	972	2546	2
1282	971	1283	1
2956	2959	2801	3
1063	960	1065	2
1068	917	1067	2
975	1066	1064	2
977	1012	1068	2
1066	976	1067	2
2961	2964	2806	4
1069	965	1071	2
1074	923	1073	2
979	1072	1070	2
981	1013	1074	2
1072	980	1073	2
2316	2319	1843	1
2751	2750	962	1
2933	2935	2457	1
957	3091	3020	1
1406	1087	1404	5
991	3073	2184	5
1716	1715	793	5
1405	1407	1145	5
1140	1139	789	5
846	1869	1868	5
1146	1147	856	5
1392	1394	1169	5
2291	2290	898	1
2241	896	2242	1
901	2382	2381	1
1338	1341	1164	1
2184	2187	1839	5
1358	1357	792	5
1411	1412	899	2
887	1237	1235	1
1186	1188	1075	1
2929	2931	2720	1
1954	1599	1952	1
1343	1345	1078	1
1313	1040	1315	2
1414	1099	1412	2
1585	1587	1119	2
1090	1089	859	2
2051	885	2050	2
832	1194	1193	2
1460	1878	1880	4
2418	1948	2415	4
1882	1884	1464	3
2411	1936	2408	3
1083	1081	857	5
2605	2607	1821	5
1085	1084	868	2
1204	1202	905	2
2775	949	2776	3
930	1936	1937	3
2769	955	2770	4
934	1948	1949	4
979	2116	2117	4
1493	1492	837	4
975	2112	2113	3
989	3068	2655	5
1153	1151	864	5
1395	1398	1153	5
1111	1110	893	2
1212	1090	1210	2
2120	2122	1319	2
1201	1227	1229	2
2989	958	2990	1
2267	2269	1400	1
1830	2588	2591	1
1746	1748	1344	1
1099	1098	900	2
1178	1413	1416	2
1461	1889	1891	4
1949	1951	1510	4
1465	1895	1897	3
1937	1939	1507	3
985	3057	2510	4
1862	1446	1858	2
1211	1210	1080	2
1112	1111	1091	2
1567	1308	1561	2
1248	1250	1115	2
1601	928	1602	2
1243	1245	1118	2
929	1259	1258	2
1259	930	1260	2
972	1662	1661	1
2166	2169	1743	1
1279	967	1280	1
2199	1774	2197	1
2795	2800	2496	4
1918	1921	1498	4
2788	2793	2501	3
1914	1913	848	3
889	1572	1573	2
1300	890	1301	2
1308	1307	932	2
933	1562	1561	2
1686	1688	1322	2
1585	886	1586	2
1122	1121	1034	2
997	3086	2129	4
1126	1125	1024	2
996	3084	2126	3
1130	1131	1020	2
1131	1128	944	2
1134	1135	1030	2
1135	1132	950	2
1697	1699	1328	1
2306	2308	1815	1
2146	1327	2145	1
1795	899	1796	1
1344	1342	1075	1
2592	2181	2589	1
1390	1168	1387	5
834	1821	1820	5
1790	1792	1347	5
1160	1730	1732	5
1802	2257	2260	1
902	2351	2350	1
2348	1869	2345	5
1359	1361	1149	5
1717	2563	2567	5
1088	1406	1405	5
1366	1146	1364	5
1811	1813	1365	5
1597	970	1598	1
2284	1746	2280	1
1396	1395	865	5
2165	1807	2162	5
2655	2656	1834	5
2157	1749	2153	5
1749	1750	1144	5
1375	1377	1162	5
937	1612	1611	1
2575	2578	2210	1
2173	1698	2171	1
2736	1257	2735	1
1706	1708	1157	5
1727	1150	1725	5
1816	1818	1166	1
1380	1379	872	1
1753	1755	1348	5
1145	1397	1396	5
1383	1386	1171	5
1368	1172	1365	5
1709	1385	1707	5
1771	1083	1770	5
1731	1734	1726	5
1159	1142	1162	5
2224	2227	1735	1
2210	2214	1816	1
2188	2190	1392	5
1389	1387	1139	5
1385	1383	1137	5
1812	1814	1382	5
1738	1740	1332	1
2148	2149	1173	1
843	1433	1432	2
1447	1449	1434	2
1425	1424	842	2
1108	1179	1176	2
1426	1427	1175	2
1443	1444	1179	2
892	1187	1184	1
1845	1847	1378	1
1192	1190	1079	2
986	3058	1082	5
1217	1218	1196	2
1458	1214	1456	2
867	1200	1197	2
1084	1201	1200	2
3053	1320	910	2
1940	1943	1472	3
1987	1988	1961	4
1944	1947	1474	4
1206	1228	1230	2
1094	1206	1204	2
1097	1859	1858	2
2506	2509	2046	2
2656	2657	2312	5
1490	1967	1970	3
1520	2008	2012	4
1494	1931	1933	4
1212	1213	1112	2
1109	1213	1209	2
2619	2618	895	1
1833	1409	1830	1
2108	2107	828	2
829	1322	1321	2
2185	2186	1784	5
1582	1584	1223	3
1879	1878	1453	4
1579	1581	1221	4
1477	1479	1211	2
1478	1477	1195	2
1487	1223	1488	3
2136	976	2135	3
1926	1929	1482	4
2132	980	2131	4
1964	1963	1214	2
1526	1527	1217	2
1543	1273	1540	3
2430	2433	1967	3
1547	1272	1544	4
2070	2073	1548	4
2013	1580	2009	4
2032	1579	2029	4
1522	2014	2017	3
2027	1582	2024	3
1229	1225	1198	2
1227	1205	1230	2
3093	1325	1000	2
983	3052	1232	1
1558	1560	1253	1
982	3050	1236	1
2048	1292	2047	2
2372	2374	1240	2
1244	1241	1092	2
1117	1245	1242	2
1249	1246	1106	2
1114	1250	1247	2
1095	2258	2257	1
3045	3044	959	1
1562	934	1563	2
1609	1254	1607	2
2098	966	2099	1
1402	2233	2235	1
1261	1260	1118	2
1278	1261	1276	2
1599	1600	1284	1
2631	2633	1831	1
1498	1496	1003	4
1976	1980	1544	4
1503	1501	1004	3
1981	1985	1540	3
1286	1287	1268	4
1549	1551	1545	4
1651	1652	1288	3
1968	1971	1541	3
1297	1299	1274	2
1277	1262	1278	2
1656	1658	1280	1
2912	2911	919	1
1619	881	1620	1
1621	1622	1265	1
1665	1002	1669	4
1616	1618	1286	4
1626	1627	1271	3
1631	1633	1290	3
812	1682	1681	2
1576	1301	1573	2
1640	1643	1296	2
1603	1604	1262	2
1298	1277	1299	2
1642	1294	1641	2
1513	1904	1907	2
1292	1303	1302	2
1636	1638	1311	2
1610	1306	1608	2
1564	1563	1115	2
1566	1256	1565	2
1312	1309	1311	2
1307	1312	1310	2
1316	1317	1303	2
1300	1317	1314	2
1318	1008	1320	2
1604	1602	1258	2
1687	1689	1326	2
2051	2054	1586	2
1325	1324	1047	2
3092	961	1119	2
1865	2340	2343	1
1370	1077	1372	1
1333	1698	1700	1
1724	1401	1721	1
2192	2195	1707	5
2823	2826	2609	5
1729	1389	1726	5
1730	1765	1768	5
2149	2152	1777	1
2838	2840	2258	1
2201	2204	1713	1
897	1776	1775	1
2202	2203	1693	1
2170	1810	2167	1
1703	1705	1335	1
1743	1745	1336	1
1779	1782	1738	1
2262	2265	2171	1
1141	1340	1337	1
1339	1166	1341	1
1345	1346	1136	1
1748	1747	1346	1
1791	1793	1376	5
2229	2232	1764	5
1754	1757	1397	5
3072	1883	3071	3
1351	1717	1719	5
1152	1352	1350	5
1723	1356	1722	1
1356	1353	1329	1
2713	2715	2304	1
1741	2220	2222	1
2658	2659	1853	1
2351	2626	2630	1
1359	1144	1360	5
1148	1361	1358	5
2163	2162	1149	5
1750	1752	1375	5
1156	1367	1364	5
1170	1368	1363	5
2180	2182	1373	1
2317	2316	1096	1
1136	1373	1372	1
2208	1714	2206	1
2156	1408	2154	5
1374	1160	1377	5
3015	3014	963	1
2694	2696	2326	1
1819	1381	1818	1
1381	1380	1165	1
1082	1771	1769	5
2255	1811	2252	5
2248	1419	2246	5
1386	1384	1172	5
1762	1431	1760	5
1390	1388	1169	5
1167	1394	1391	5
2191	1712	2189	5
1399	1352	1398	5
1755	1754	1349	5
2822	2662	2817	1
938	2086	2085	1
2818	2820	2572	1
2225	2226	1340	1
1838	852	1839	5
1840	1841	1349	5
1792	1794	1788	5
2158	1809	2155	5
2271	2274	2205	1
1855	1857	1832	1
1785	1410	1783	5
1835	1836	1362	5
1415	1413	1175	2
1411	1177	1416	2
2707	2712	2672	1
2711	2370	2708	1
2570	2574	2263	1
2857	2860	2677	1
2336	2337	1856	1
2327	2329	1866	1
2253	2252	1157	5
2196	2189	2193	5
2276	2275	904	1
1817	1826	1829	1
1427	1425	1174	2
1428	1426	1183	2
1150	1711	1710	5
1728	1761	1763	5
2373	2375	1470	2
1860	1861	1415	2
2889	1952	2887	1
2340	2622	2625	1
1438	1436	841	2
1439	1438	1182	2
1178	1444	1442	2
1445	1441	1181	2
1901	1903	1447	2
1435	1449	1448	2
2448	2449	1577	3
2004	2006	1451	3
2452	2453	1578	4
1996	1998	1453	4
1456	1196	1457	2
1537	1539	1455	2
1102	1461	1459	4
1892	1511	1890	4
1105	1465	1463	3
1898	1508	1896	3
1468	1207	1470	2
1469	1434	1471	2
1941	1942	1466	3
2005	2007	1956	3
1945	1946	1462	4
1997	1999	1960	4
1479	1476	1209	2
1480	1478	1218	2
2391	2395	2005	3
2063	2064	1523	3
2396	2399	1997	4
2067	2068	1521	4
1483	1221	1484	4
2397	2398	1928	4
1874	1875	1837	5
2392	2393	1924	3
2756	2760	2469	3
2018	1583	2015	3
2464	2465	1592	4
1220	1495	1493	4
1919	1918	836	4
1977	1979	1499	4
1915	1916	1491	3
1982	1984	1504	3
1507	1506	1014	3
2410	1473	2409	3
1510	1509	1015	4
2416	2417	1475	4
2374	2376	1906	2
1575	1906	1908	2
1518	1519	1514	2
2021	2020	809	2
2010	2011	1495	4
2465	2467	2133	4
1911	2016	2019	3
2469	2470	1589	3
1527	1524	1216	2
1219	1528	1526	2
2443	2446	2001	4
1962	1529	1960	4
2438	2441	1993	3
1958	1530	1956	3
2059	1323	2057	2
2058	2061	1588	2
2036	2037	1533	2
1538	1458	1539	2
1589	1591	1542	3
1983	1981	1271	3
1592	1594	1546	4
1976	1268	1978	4
1934	1549	1932	4
1550	1546	1551	4
2377	2379	1863	1
1555	1554	1234	1
1559	1558	1238	1
1560	1557	1251	1
1255	1566	1564	2
1309	1567	1565	2
2627	2626	903	1
2081	2083	1570	1
1575	1571	1239	2
1302	1576	1574	2
1994	2026	2028	3
2502	2505	2062	3
2002	2031	2033	4
2497	2500	2066	4
2008	1494	2011	4
2042	2044	2031	4
2015	1523	2017	3
2039	2041	2026	3
2052	2053	1528	2
2108	1321	2109	2
2787	977	2789	3
1591	1590	1543	3
2794	981	2796	4
1594	1593	1547	4
1596	1595	1257	1
2100	2101	1281	1
1282	1600	1598	1
2878	2877	1265	1
1603	1294	1605	2
2121	2123	1605	2
1256	1609	1608	2
2076	2078	1606	2
2088	1596	2087	1
2305	2649	2651	1
1272	1617	1616	4
1618	1615	1285	4
1622	1620	1264	1
1623	1621	1284	1
1627	1624	1270	3
1290	1628	1626	3
1632	1631	1273	3
1289	1633	1630	3
1637	1636	1306	2
2143	1679	2141	2
1642	1639	1293	2
1643	1641	1298	2
1646	1644	1267	4
1647	1646	1287	4
1652	1653	1628	3
1653	1648	1625	3
968	1657	1656	1
1281	2082	2081	1
1663	1664	1623	1
1660	1619	1664	1
1671	1647	1670	4
1645	1671	1668	4
1676	1672	1318	2
1676	2122	2124	2
1678	1677	1011	2
3056	1678	915	2
1683	1684	1316	2
1684	1680	1313	2
1688	1687	1323	2
1689	1685	1324	2
1327	1693	1690	1
1694	1692	1336	1
2181	2180	1369	1
1696	1695	1371	1
2176	2178	1722	1
1700	1697	1331	1
1704	1703	1332	1
1705	1701	1334	1
2174	2177	2179	1
2221	2263	2266	1
1384	1709	1706	5
1393	2194	2192	5
2586	1801	2585	5
1431	2217	2216	5
2613	2616	2271	1
2622	2672	2676	1
2569	2163	2564	5
1350	1719	1716	5
1355	1723	1721	1
1720	1400	1724	1
1732	1731	1161	5
1388	1729	1725	5
1347	1767	1765	5
1733	1728	1734	5
2235	2236	1737	1
1737	1736	1401	1
1740	1739	1333	1
1780	1779	1173	1
2580	2583	2166	1
1745	1742	1335	1
2281	2282	1369	1
1855	2282	2285	1
1751	1376	1752	5
1852	2156	2159	5
1756	1753	1351	5
1757	1756	1399	5
1429	1762	1758	5
1760	1727	1763	5
1766	1733	1768	5
2230	2231	1761	5
1772	1770	1147	5
1773	1772	1382	5
2827	2830	2306	1
2177	2198	2200	1
2292	2294	1797	1
2150	2151	1744	1
1799	1780	1797	1
1781	1741	1782	1
2568	1783	2565	5
2602	1874	2600	5
2213	1786	2211	1
2277	2278	1423	1
2239	2240	1767	5
1789	1787	1408	5
1793	1790	1374	5
1794	1791	1787	5
2221	2223	1805	1
1798	1781	1799	1
2322	2324	1800	5
2193	2247	2251	5
2640	2811	2816	1
2614	2613	1409	1
2259	2261	1848	1
1804	1798	1806	1
2563	1348	2566	5
1809	1808	1362	5
2243	2244	1778	1
2598	2582	2595	1
1813	1812	1366	5
2254	2256	1823	5
2677	2680	2307	1
2944	2945	1613	1
2765	936	2766	1
2665	2355	2662	1
1827	1825	1379	1
2234	2576	2579	1
2297	2298	1773	5
2332	2334	1822	5
1828	1826	1423	1
1827	1819	1829	1
2812	2814	2596	1
2168	2640	2643	1
2590	2593	2207	1
2852	2740	2848	1
1751	2157	2154	5
1410	1837	1835	5
2600	1785	2601	5
1407	1842	1840	5
1846	1845	1188	1
2942	2941	964	1
2839	2838	1253	1
2828	2829	2270	1
2346	2347	1789	5
2311	2313	1851	5
2635	2638	2212	1
1570	2363	2362	1
2283	2280	1378	1
1854	1831	1857	1
2632	2634	2327	1
2761	2762	1953	1
2767	2766	1611	1
2862	2705	2858	1
1861	1859	1414	2
1862	1860	1448	2
2318	2320	1864	1
2702	2339	2698	1
2367	2369	1867	1
2378	2699	2703	1
2815	2624	2813	1
2740	2743	2367	1
2302	2347	2349	5
1871	1870	1852	5
990	3070	1873	5
1872	1834	1875	5
1459	1880	1877	4
2161	2160	1712	5
1883	1882	1451	3
1884	1881	1463	3
2390	1885	2388	1
2699	2726	2730	1
2359	1886	2358	1
2732	2734	2356	1
1890	1462	1891	4
1509	1892	1888	4
1896	1466	1897	3
1506	1898	1894	3
1902	1901	1240	2
1903	1899	1446	2
1514	1907	1905	2
1904	1574	1908	2
1911	1909	1222	3
1910	1490	1912	3
1916	1914	1489	3
1915	1504	1917	3
1933	1930	1492	4
1920	1499	1921	4
1924	1922	1450	3
1923	1487	1925	3
1928	1926	1452	4
1927	1483	1929	4
1548	1934	1931	4
1932	1920	1935	4
2412	1990	2410	3
1939	1938	1508	3
1942	1940	1464	3
1943	1941	1473	3
1946	1944	1460	4
1947	1945	1475	4
2419	1987	2417	4
1951	1950	1511	4
2425	942	2426	1
2888	2891	2673	1
1472	1957	1955	3
1990	1991	1957	3
1474	1961	1959	4
2092	2492	2495	4
1965	1966	1534	2
1966	1964	1533	2
1970	1968	1491	3
1969	1542	1971	3
3003	3006	2761	1
2429	2106	2427	1
2778	2039	2777	3
1973	1972	1530	3
2772	2042	2771	4
1975	1974	1529	4
1979	1978	1500	4
1980	1977	1545	4
1984	1983	1505	3
1985	1982	1541	3
3055	985	1310	2
2485	2094	2482	4
2095	2487	2490	3
2480	2097	2477	3
2442	2436	2439	3
1995	1992	1923	3
2398	2400	2003	4
1999	1996	1959	4
2447	2434	2444	4
2003	2000	1927	4
2393	2394	1995	3
2007	2004	1955	3
2012	2009	1521	4
1581	2013	2010	4
1584	2018	2016	3
2019	2014	1910	3
2022	2021	1512	2
2023	2022	1519	2
1583	2027	2025	3
2024	1992	2028	3
1580	2032	2030	4
2029	2000	2033	4
2037	2035	1531	2
2038	2036	1538	2
2519	2522	2125	3
2449	2451	2040	3
2524	2527	2128	4
2453	2455	2043	4
2507	2506	811	2
2049	2047	1513	2
2053	2050	1525	2
2054	2052	1588	2
2461	2463	2072	4
2133	2134	2119	4
2757	2759	2432	3
2137	2138	2115	3
2060	2058	1534	2
2057	1587	2061	2
1577	2065	2063	3
2504	2056	2503	3
1578	2069	2067	4
2499	2055	2498	4
2072	2070	1520	4
2073	2071	1550	4
2077	2075	1305	2
2078	2077	1610	2
2083	2080	1569	1
1658	2084	2082	1
2540	2542	2102	1
2089	2087	1613	1
2729	2365	2727	1
2970	2975	2848	1
2493	2494	1975	4
2483	2482	1962	4
2488	2489	1973	3
2478	2477	1958	3
1279	2101	2099	1
1595	2102	2100	1
1597	2105	2103	1
2106	2105	1954	1
2110	2111	2060	2
2109	2059	2111	2
2555	2556	1632	3
2115	2114	1590	3
2560	2561	1617	4
2119	2118	1593	4
1601	2123	2120	2
2121	1675	2124	2
2537	2127	2535	3
2520	2521	2065	3
2532	2130	2530	4
2525	2526	2069	4
2462	2466	2468	4
2117	2134	2131	4
2472	2137	2470	3
2113	2138	2135	3
2142	2141	1638	2
2143	2139	1677	2
2209	2147	2207	1
2147	2144	1695	1
2151	2148	1742	1
2152	2150	1778	1
1807	2158	2153	5
2155	1851	2159	5
3062	2823	987	5
2611	2161	2610	5
2564	1718	2567	5
2165	2164	1808	5
2167	1744	2169	1
2644	2314	2641	1
2173	2172	1699	1
2198	2571	2573	1
2175	1720	2178	1
2172	2179	2176	1
2182	2183	1696	1
2273	2596	2597	1
2187	2185	1841	5
1881	3072	991	3
2323	2321	1418	5
2191	2188	1710	5
2249	2246	1708	5
2190	2196	2194	5
1848	2572	2570	1
2200	2197	2175	1
2203	2201	1692	1
2204	2202	1714	1
2146	2209	2206	1
2589	1832	2591	1
2636	2639	2352	1
2211	1817	2214	1
2215	988	3064	5
3063	988	1877	4
2222	2219	1739	1
2220	1804	2223	1
2226	2224	1339	1
2227	2225	1736	1
2231	2228	1759	5
2232	2230	1766	5
2577	2575	1735	1
2287	2286	1815	1
2240	2237	1764	5
2303	2239	2301	5
2244	2242	1775	1
2245	2243	1810	1
1801	2250	2247	5
2195	2251	2249	5
2255	2254	1814	5
2256	2253	1822	5
2259	1805	2260	1
2843	2845	2358	1
2264	2174	2265	1
2219	2266	2262	1
2269	2268	1402	1
2270	2267	1774	1
2615	2617	2342	1
2274	2272	2208	1
2276	1422	2278	1
2279	2277	1786	1
1747	2284	2281	1
1856	2285	2283	1
2383	2384	2353	1
2659	2661	2288	1
2293	2292	1777	1
2294	2291	1795	1
2298	2295	1769	5
2608	2297	2606	5
2302	2301	1788	5
2238	2303	2299	5
2648	2651	2653	1
2844	2846	2664	1
2853	2854	2287	1
2829	2827	2268	1
2312	2311	1836	5
2309	1850	2313	5
2620	2621	2245	1
2811	2594	2814	1
2319	2318	1847	1
1863	2320	2317	1
2250	2324	2325	5
2325	2323	2248	5
2727	2971	2974	1
2329	2328	1867	1
2333	2332	1419	5
2334	2330	1820	5
2907	2908	2385	1
2872	2976	2980	1
2337	2335	1854	1
2338	2336	1864	1
2697	2972	2973	1
2701	2338	2700	1
2368	2709	2710	1
1866	2343	2341	1
1870	2348	2346	5
2349	2344	2300	5
2628	2629	2279	1
2637	2635	1853	1
2902	2903	2371	1
2899	2984	2987	1
2889	2888	1953	1
2685	2315	2684	1
2691	2872	2875	1
2897	2733	2894	1
2715	2717	2692	1
2863	2867	2732	1
2403	2405	2357	1
2688	2687	2261	1
2681	2360	2678	1
2693	2859	2861	1
2671	2383	2668	1
2739	2364	2737	1
2380	2719	2722	1
2423	2720	2723	1
2369	2366	1865	1
2905	2744	2903	1
2710	2707	2366	1
2782	941	2783	1
2375	2372	1469	2
2376	2373	1905	2
2335	2701	2698	1
1885	2380	2377	1
2384	2382	2350	1
2669	2668	2288	1
2746	2747	2361	1
2738	2747	2749	1
1554	2389	2388	1
2420	2090	2423	1
2394	2391	1993	3
2006	2395	2392	3
2399	2397	1998	4
2400	2396	2001	4
998	3087	1315	2
2404	2359	2405	1
1938	2411	2409	3
2406	1989	2412	3
1950	2418	2416	4
2413	1986	2419	4
2930	2932	2752	1
2422	2390	2424	1
2762	2764	2427	1
2104	2429	2426	1
2432	2430	1522	3
2433	2431	1969	3
2445	2443	1974	4
2774	2531	2772	4
2440	2438	1972	3
2780	2536	2778	3
2441	2439	1994	3
2442	2440	2437	3
2446	2444	2002	4
2447	2445	2435	4
2450	2448	2025	3
2451	2450	2041	3
2454	2452	2030	4
2455	2454	2044	4
2864	2863	1886	1
2459	2458	2404	1
2462	2461	2055	4
2463	2460	2071	4
2799	2466	2797	4
2460	2468	2464	4
2758	2757	2056	3
2792	2471	2790	3
2784	2785	2428	1
2926	2475	2924	1
2479	2478	1991	3
2096	2480	2476	3
2484	2483	1988	4
2093	2485	2481	4
2803	2804	2437	3
2097	2490	2488	3
2808	2809	2435	4
2094	2495	2493	4
2132	2798	2796	4
2500	2498	2068	4
2136	2791	2789	3
2064	2505	2503	3
2508	2507	1291	2
2509	2508	2048	2
2512	2513	2484	4
2513	2511	2481	4
2516	2517	2479	3
2517	2515	2476	3
2521	2518	2062	3
2127	2522	2520	3
2526	2523	2066	4
2130	2527	2525	4
2531	2530	2043	4
2528	2129	2532	4
2536	2535	2040	3
2533	2126	2537	3
2541	2540	2088	1
2542	2538	2098	1
973	2547	2543	2
993	3077	2093	4
969	2552	2548	2
992	3075	2096	3
2556	2553	1629	3
2557	2555	2114	3
2561	2558	1614	4
2562	2560	2118	4
1784	2568	2566	5
2164	2569	2565	5
2821	2647	2819	1
2571	2264	2574	1
2578	2576	2212	1
2579	2577	2236	1
2582	2580	1713	1
2581	2168	2583	1
2586	2584	1800	5
2160	2587	2585	5
2183	2592	2590	1
2588	2205	2593	1
2597	2595	2272	1
2594	2581	2598	1
2599	1873	2602	5
2603	2601	2186	5
2607	2606	1823	5
2608	2604	2296	5
2824	2825	2587	5
2612	2610	2218	5
2616	2615	2273	1
2617	2614	2341	1
2621	2619	2241	1
2836	2620	2834	1
2625	2623	2342	1
2675	2354	2674	1
2629	2627	2275	1
2630	2628	2352	1
2633	2632	1833	1
2634	2631	2326	1
2638	2636	2213	1
2639	2637	2353	1
2643	2641	2170	1
2315	2644	2642	1
2647	2646	2199	1
2645	2304	2648	1
2649	2307	2652	1
2653	2650	2646	1
3067	1912	3066	3
2654	2310	2657	5
2660	2658	2234	1
2661	2660	2289	1
2820	2819	2573	1
2356	2665	2663	1
2860	2858	2679	1
2895	2896	2716	1
2854	2856	2669	1
2666	2381	2671	1
2892	2879	2890	1
2624	2676	2674	1
2680	2678	2308	1
2361	2681	2679	1
2314	2835	2834	1
2354	2686	2684	1
2840	2842	2688	1
2845	2847	2689	1
2692	2690	2305	1
2868	2873	2876	1
2696	2695	2328	1
2697	2694	2339	1
2721	2729	2731	1
2379	2703	2700	1
2999	3002	2881	1
3019	2943	3016	1
2754	2753	920	1
2706	2868	2870	1
2371	2711	2709	1
2708	2673	2712	1
2695	2973	2970	1
3004	3007	2924	1
2355	2716	2713	1
2714	2691	2717	1
2718	2378	2722	1
2422	2723	2719	1
2981	2894	2977	1
2934	2936	2724	1
2728	2702	2730	1
2726	2718	2731	1
2893	2714	2896	1
2865	2866	2725	1
2360	2738	2737	1
2739	2735	2362	1
2741	2368	2743	1
2742	2899	2901	1
2950	2949	926	1
2900	2904	2906	1
2385	2748	2746	1
2749	2745	2736	1
2883	2885	2704	1
2884	2883	2365	1
2767	2945	2948	1
2910	2755	2908	1
2759	2756	2431	3
2758	2471	2760	3
3005	3003	2370	1
2764	2763	2428	1
2946	2947	2748	1
2967	2969	2768	1
2434	2773	2771	4
2770	2529	2774	4
2436	2779	2777	3
2776	2534	2780	3
2783	2425	2785	1
2784	2475	2786	1
2792	2791	2472	3
2790	2504	2793	3
2798	2467	2799	4
2797	2499	2800	4
2957	2958	2779	3
2489	2805	2803	3
2962	2963	2773	4
2494	2810	2808	4
2812	2623	2815	1
2816	2813	2642	1
2817	2645	2821	1
2664	2822	2818	1
3060	987	1482	4
2826	2824	2611	5
2830	2831	2652	1
2831	2828	2650	1
2836	2833	2618	1
2835	2685	2837	1
2841	2839	2357	1
2842	2841	2689	1
2846	2843	2663	1
2847	2844	2687	1
2704	2851	2849	1
2850	2742	2852	1
2855	2853	2364	1
2856	2855	2670	1
2861	2857	2690	1
2859	2706	2862	1
2866	2864	2724	1
2733	2867	2865	1
3034	3036	2918	1
2998	2913	2996	1
3010	3011	2869	1
2993	2871	2991	1
2873	2693	2875	1
2874	2869	2876	1
2879	2880	2686	1
2880	2878	2683	1
2921	2939	2940	1
3000	3001	2851	1
3026	3029	2942	1
2886	2884	2752	1
2890	2675	2891	1
2877	2892	2887	1
2734	2897	2895	1
2871	2979	2977	1
2988	2939	2985	1
2901	2898	2741	1
2904	2921	2923	1
2906	2902	2898	1
2909	2907	2705	1
2915	2909	2913	1
2912	2753	2914	1
2910	2915	2914	1
3011	3013	2997	1
3035	3037	2979	1
2950	2474	2951	1
2922	2905	2923	1
2952	2954	2927	1
2744	2927	2925	1
2931	2930	2721	1
2932	2928	2750	1
2935	2934	2458	1
3022	3024	2992	1
2881	2986	2984	1
2938	2919	2940	1
3027	3028	2882	1
3018	2886	3017	1
2947	2944	2745	1
2948	2946	2768	1
2952	2922	2953	1
2926	2954	2951	1
2958	2955	2775	3
2959	2957	2804	3
2963	2960	2769	4
2964	2962	2809	4
2968	2967	2755	1
2969	2965	2765	1
2972	2728	2974	1
2971	2849	2975	1
2978	2874	2980	1
2976	2893	2981	1
2985	2900	2987	1
2983	2937	2988	1
2725	2992	2991	1
3046	3048	3032	1
2870	2997	2996	1
2995	2911	2998	1
3001	2999	2850	1
3002	3000	2882	1
3004	2763	3006	1
2925	3007	3005	1
2918	3012	3010	1
3009	2994	3013	1
3018	3016	2885	1
2941	3019	3015	1
2936	3023	3022	1
3021	2989	3024	1
3041	3042	2986	1
2943	3029	3027	1
3038	3033	3036	1
2916	3033	3030	1
3037	3034	2978	1
3038	3035	3032	1
3042	3040	2982	1
3043	3041	3028	1
3047	3046	2993	1
3031	3048	3045	1
3049	982	1098	2
3050	878	1235	1
3051	983	1110	2
3052	891	1231	1
3053	984	1319	2
3054	910	2515	3
1679	3056	3055	2
3057	915	2511	4
3058	831	1081	5
3059	986	1190	2
3061	838	2584	5
2825	3062	3061	5
3065	2612	3064	5
839	2609	3065	5
3067	989	1909	3
3068	849	2654	5
3069	990	1486	3
3070	850	1872	5
3074	2603	3073	5
851	2599	3074	5
3075	909	2095	3
3076	992	2550	2
3077	914	2092	4
3078	993	2545	2
3079	918	1129	2
3080	994	2995	1
3081	924	1133	2
3082	995	2938	1
3083	996	1127	2
3084	947	2125	3
3085	997	1123	2
3086	953	2128	4
3087	956	1314	2
3088	998	2457	1
1042	999	3090	2
3091	999	3021	1
1326	3093	3092	2
3094	1000	2091	1
