0.0
0.0
0.0
0.0
-0.01500082183242113
-0.013551189753549629
0.013998756447695678
0.013195195488370906
0.014876506171502697
0.013465909828330389
-0.013142912647234726
-0.01394589292208948
-0.013687457008516512
-0.014292132209555823
-0.01367717413825627
-0.013547589276116937
-0.007435401071518646
-0.009690726768973324
0.01374892793040181
0.013732197151732494
0.007366860752551057
0.009619595931349185
-0.013670317093863776
-0.013673064969277525
-0.0013500070410834692
0.0013176378827048196
0.0086503873541928
-0.00862519294534688
-0.008911375387395587
0.00884027106988229
0.0011978732555501025
-0.0012157180461346195
0.006201548600508774
-0.006190475500068776
0.01353019870583649
-0.013467407209860985
-0.00266577623852717
0.0026260004054940353
0.009861945683705738
-0.009829762123994135
0.0
0.0
0.0
0.0
0.0
0.0
0.0
0.0
0.0
0.0
0.0
0.0
0.0
0.0
0.0
0.0
0.0
0.0
-0.014850543578882665
-0.014433464516433235
0.013967017396331305
0.013889703204995893
0.013784639603733299
0.013652045964547575
0.013481545258871217
0.01474205517674824
0.014331531723791582
-0.01259254663117722
-0.011885371400479783
-0.010973766196443309
0.012645836044012693
0.011929378364950415
0.011013277469577124
-0.013914359201591214
-0.013837565876596616
-0.013732427914206185
-0.013600518672142696
-0.013430624126838086
-0.01369608945868731
-0.013730356574173761
-0.013812591456564922
-0.011006477161887348
-0.007260124011025582
-0.002480217790338885
0.003573930156253883
0.009989666161039726
0.014242461995208521
0.013913664327260015
0.013827745419635353
0.013831554185639049
0.013893301480212778
0.011043440941309343
0.007276576892276872
0.0024700448355238704
-0.003619056213515586
-0.010073572355580861
-0.01450496031738062
-0.004763305872747944
-0.00936586435878939
-0.013681989970316439
-0.010445106138515087
-0.006999556941130555
-0.0035483637680631397
-0.004146336230161655
-0.009025770768106444
-0.014092387605835918
-0.013714122488305834
-0.010174201650544168
-0.006719162732406992
-0.003370925274632218
-0.008500052367093502
-0.009106023002129779
-0.009524318830529495
0.008433816344003121
0.009039513969315469
0.009453761154751451
-0.013645817548326578
-0.013606719738853882
-0.013548242123143778
0.01372483377753766
0.013680199091129145
0.013615769327102963
-0.01367558684300382
0.009846313017020063
0.010645118774028631
0.011900050566685541
0.013040548812935954
0.013575619957120763
0.01371330704135083
-0.009939041508454352
-0.010792077390951107
-0.01209327198026168
-0.013181899967301252
-0.0022056067094014895
-0.003336964103831949
-0.004860806213395762
-0.0069252832648218745
0.0021684178634784014
0.0032934639981071455
0.004808946701608149
0.006864027136912195
0.00773443625830883
0.006533052705661359
0.004958722382445132
0.003373407761639933
0.0021466497592036293
-0.00771452236587263
-0.006520043576151357
-0.004954815953572408
-0.0033786946423410734
-0.002159027677063235
-0.009714652383889574
-0.010706768531678318
-0.011940875495013345
0.009640590913026778
0.010628150560195178
0.01186030708563256
0.0005009555109109868
-0.00034812476788968343
-0.001386458970313074
-0.0005227974993667348
0.00032143369340921724
0.0013538796316046571
0.00526952621558686
0.004052334941458499
0.0024612685098309556
0.0008587679774729258
-0.00038452941742132086
-0.005263842843834762
-0.004053703614440114
-0.0024718323275687744
-0.0008785547324316042
0.0003576405528422888
0.013011582371105206
0.011717573530526512
0.010458846153356514
0.009444627816971713
-0.01296474147797671
-0.011676311320320513
-0.010423297907014437
-0.009414846591477545
-0.003986831070531789
-0.0051393000557533736
-0.006203631355269563
0.003939689831037258
0.005085662021737056
0.0061437257030906075
0.008683753422327556
0.007698887220087834
0.006880258671090138
-0.008658450848992878
-0.0076792185211015844
-0.006865281673309671
-0.0017780539277724415
0.0017047914179122755
0.00694221187041226
-0.0028768802190661763
0.0029278607448640754
-0.004344080326489028
0.005357376952085541
-0.003360343833003187
0.002408986061323421
0.013815352311284789
-0.007678844194776615
-0.002426238258881219
0.013783357605123614
-0.013686562762369901
-0.013685617056853795
0.0071984713967068546
-0.007603196124273119
-0.012188763615995826
-0.013915067626962815
-0.00038360257205032527
0.000238363635232973
-0.005426850277828256
0.005141450191014074
-0.01220859971792441
-0.01367762033461251
-0.013099082340402081
0.01224083160842293
-0.011766366650718285
0.013735845932378105
0.012307511502371419
-0.012467647089851196
0.012996609250318572
-0.013675031099458423
0.011207249130682218
-0.011280152866867468
-0.00965174317420424
0.004555706317281334
-0.0040845115199295255
-0.010158912507693652
0.010584009095808441
0.013700044632174904
0.00956583432246687
-0.013421307341192016
-0.001690556482265774
0.0016754599616348271
0.005732365727169151
-0.0057239743200920845
0.004686004666701171
0.0026895081391261296
-0.004013995197857061
-0.0007988421939163027
0.002919131565871131
-0.0007299466325585368
0.0023800958310153495
-0.007290904892992944
-0.007388286346345897
-0.00610991455668505
0.00019556591660377227
0.000847843273669054
0.006840935421275113
-0.000818231076932828
0.005933030320825381
0.00640564404294721
-0.008006431004679028
-0.0022935586114380497
-0.0021557985013829894
-0.006247384173166235
0.003434510458416637
-0.0027164595870183424
0.00118206487075968
-0.001989755772642329
0.008626119977769573
0.01382480859845757
0.013514375087451217
0.014184155864106592
-0.01052134345057708
-0.013687928694134946
-0.013698651172207277
-0.014261275651371683
-0.010369190855313074
0.010201754575637595
-0.013561455852872764
0.013827363171787432
0.008788401686518833
-0.00885780831791873
-0.013678782648625199
-0.0011737401665418048
-0.013741570619913683
-0.0042505881209407735
0.004078544070453294
-0.013667295097917996
0.0020960838873552642
-0.002196013775882759
-0.013625346301973207
0.006920351267970586
-0.006958977780392376
-0.0018571430017564135
0.0016344247734108373
-0.01395929662515643
-0.013202745485149978
0.01330549592795527
0.013748276804731029
-0.012346629183998604
0.012239122759685963
0.012344995973147215
0.010347630109803285
-0.0014939289105788047
-0.010372333283075711
0.006884341816160993
-0.011862289888747627
0.012025548578317443
-0.008995333171307086
0.009114963460111224
-0.010263653887178035
-0.005139542946371787
0.005180954091927327
-0.011330137264882138
0.011449230953830505
0.0136138839179532
-0.009075347278286823
-0.0097110319849983
0.01359071553892533
0.009398987450452095
0.009415578228815011
0.008679659271275026
0.013419665081082749
-0.00810793567702589
-0.013498284685727011
-0.01324389080785845
0.0005724933808516257
0.0015385495631737747
0.00010091611918625865
0.008586418677410985
0.0029919693080749316
0.007059292786712145
0.0030302272868126816
0.0027466646486209744
0.008325245863934218
-0.0014458544370914473
-0.005074120237220905
0.009464573580232602
-0.004781314908579604
-0.002613340744664184
0.0003072178162655555
0.007919377400242967
-0.005011909797419842
0.000837289941238451
0.004413835414379083
-0.00387192153296363
-0.004221355217807609
-0.00171713910508373
0.005315531405410463
-0.008443666434239619
-0.00513506105276282
-0.00930904233617945
-0.0019467883644670408
0.002491103520160464
0.0005957780031580654
-0.00485352432765808
0.0027869194828650176
-0.00045894682013119707
-0.011148387489447199
0.008841918508525459
-0.002877255052062019
-0.0006216250186140927
0.013712111328908518
-0.005132736243970914
0.009076673373061107
-0.00965621410705924
-0.00686929967284745
-0.010498361913334135
0.013982860511526144
0.009558733574216261
0.01382027952699408
0.0003125154717878423
0.014507987772282814
0.013714577249053601
0.013779811870009599
-0.0054851330054900395
0.004888671785472435
-0.013746514226098868
0.009716916193736713
-0.010010466869311967
0.01381026367345725
-0.008540889591590743
0.008347066304937298
-0.013679546654050545
-0.0013142630522137992
0.0012344835043234346
0.00043000096920157673
-0.0005456331709332891
0.006591295393862999
-0.0045499353019463245
-0.011230264641329271
0.011264639449510663
-0.011982814948339388
0.011864304676560238
0.013817503142618525
0.013901996246570833
-0.004570201655013732
0.004463529675493732
-0.013633770163002169
0.005034591698977315
-0.00514568625752075
-0.01369993083195727
-0.01382561728431871
0.00863393128913486
-0.008577942627934002
-0.0071257435231594215
-0.012989859383571912
0.013047625137468271
0.010356239630900387
-0.006800892729511282
0.013685785750950271
0.0015899578575611056
-0.0016360534227664574
-0.001459005009487851
0.0013097748043062914
-0.01353442117625193
0.007779440440149183
-0.007743689124149556
-0.002542588255147185
0.0034093969811175343
-0.009374939073368272
0.009907371361216588
-0.00034987542903205655
-0.010074595719721378
0.007009848186719665
0.012355008911423156
0.010201553354230349
0.008874540858369934
-0.009387254983133092
-0.01257970776831032
0.012579265687541598
-0.006862028710025567
0.006845421857381189
-0.01233029859064906
-0.00849520241668035
0.007848846364196088
0.013489125205723337
-0.013350805876184696
0.0012657814855272103
-0.0012802164286645492
0.0026122510399010173
0.0021860549735231226
0.004358900524963403
-0.002817131263546427
0.00338322665731407
0.001201483689442304
-0.0011980969234012694
0.0008887841740234186
0.005613111661455588
0.006218116518377024
-0.002244477700892586
0.0061118994661121485
0.0049833204709693575
-0.0056947585277573876
0.004513083348384793
-0.004478758678194919
0.010007370041830478
0.009690077801817753
-0.010623972288996203
0.00238901184480254
0.009741410031393867
0.007771640313535281
-0.00253315431026426
-0.008267579014897108
0.009276526742737419
0.007566059102026227
0.010492575125084336
-0.0020357006858357507
0.00036726037778032634
0.010272202958628882
0.0028328732413426755
0.006761501022024986
-0.006443951615536975
-0.001630599462532728
0.006318605288669824
-0.005442902901481996
-0.010058716768335528
-0.0076087354745520575
0.0033807502360822792
-0.0039725592738563825
0.0025041432044830185
-0.009055702673253174
-0.010806883307568823
0.00809928275370733
0.008592243016927981
-0.006094224475588798
-0.006110786068025
-0.003326083678940475
0.0015809648282937455
0.013759901255975484
-0.009614756937968904
-0.00854265767770617
-0.003030526301367366
0.011264952635692032
-0.000543089866930314
0.007047377630968853
-0.008007961824940778
-0.011606066941305032
0.01089055060163195
0.01220108552347136
-0.012353378376312249
0.013756590536886793
0.013758686764598153
0.003946792301261262
0.008997164712223994
-0.009069696558101534
-0.0026961547736903202
0.002493146853734477
-0.007047721346070859
-0.010973830027636348
-0.009114637817161772
0.008857857256400111
0.010867456806534464
0.002002981482674348
-0.006530872529295202
0.006338667014491209
-0.013687221236338549
0.006977896357231165
-0.0005063117634974179
-0.003575070644373188
0.003485306837711702
-0.010132769846960508
0.010257952429522722
0.007877667666335025
-0.007996049975770364
-0.0021908709388381996
0.0052331818077223854
0.00204052855948444
-0.005551501884444495
-0.003314188459626272
0.0030858921910347907
0.01389509377575496
0.00010139407990851004
-0.0002012450349298064
-0.013805925946290418
0.0001475288259522934
-0.0002047047705979731
0.013752123846800116
-0.013587812961335478
-0.00557945326202201
0.005542881454776825
-0.013567331860509752
0.0032423254944435025
-0.0032897273654484
-0.006005100140644238
0.00963713315237085
-0.006946427600238051
-0.0014313709901861134
-0.012417654413182757
0.005541450512790617
-0.0056158825188760255
-0.003463175584987365
0.0020490336720499235
-0.013620402229322955
0.008292807725396189
-0.008243834144035617
-0.008753578840985416
0.00161632839357636
-0.0016395100964657697
-0.007195862855524094
0.00721439183272652
0.008254949450708593
-0.00021895416886287626
0.007157391604423528
0.005445628703629406
0.001964593855997946
0.0010080700081371774
0.004488007748037194
0.003588641964481449
0.002690749572235406
-0.0027120434100196197
-0.00608104599885887
0.0012427588153833243
-0.0007739983853858944
0.003900805623403191
0.001418206924676925
-0.0005445809006460093
-0.005820528511175059
0.006755847306722775
0.00713951670267978
-0.001930266786397413
0.01128033049429844
-0.0029777782248470415
0.011676069137054011
0.009171136330130829
-0.003265124491031839
-0.0072264298955009455
0.010446345517460681
0.00561573849736572
0.0008192852035331208
-4.549432229483395e-05
-0.010372326197552906
-0.006028512571683327
-0.003704689476514043
0.011139161067278393
-0.01181319438472207
0.011583880671674018
0.004391512774594635
0.000886693726602559
0.006350794206532881
0.00564756220615351
-0.010808374474069068
-0.004399545386304078
-0.004609956669570332
-0.009430103825105337
0.004589051714302629
-0.007774036936218206
-0.007339812556957379
-0.001179844387533287
0.01142503262962648
-0.008555946785115646
-0.006302535260365583
0.003558225941917052
0.008937707247515877
0.007425148635787609
0.010629797421187318
-0.00024136063471719277
-0.004105730952962408
-0.010081290238180924
-0.0031756810173640473
-0.001868029769587132
0.013784715752936987
-0.010335130295040951
-0.007996124828134216
0.0012169805592337133
-0.012639551033112146
-0.004039370119615889
0.0037689378586635365
0.012256818303873547
-0.00960406528517082
0.009495510113292745
-0.012438179003922335
0.0007323868791009741
0.005883726570644388
0.0021747691329503317
-0.0022400903041351014
-0.0027005853800762493
0.002597105111817817
0.0009749211109055147
-0.0010435202391324348
0.012469014213738097
-0.005942007824968864
-0.006560131809858289
0.006548805646409811
-0.0014130350572038642
-0.006660219169890728
0.006558498120656862
-0.004241706741496295
0.004173014193289399
-0.0047785560984631
0.004750674761984453
0.013702384585383894
0.007646177756515288
-0.007728046989725851
0.0025933093478426204
-0.002617331288759567
-0.0005106123509137168
0.00047679579817980216
-0.0023061778261493407
0.005975060609770232
-0.006037821736195836
0.00923443645128121
-0.009161552083905856
-0.0013459116871451303
0.005971518179785615
-0.003897260296034532
0.002597545866708809
8.672241098709971e-05
-0.002405239683885338
0.0015830395486331821
-0.003309556822256212
-0.011738930729032928
0.004085111876388912
-0.0010945383372213278
0.008833972252101157
0.0007708050384269081
-0.010040743927065792
-0.004384736725975379
-0.006761796112211732
0.004290810854004276
0.0042072128780476096
0.00263972622620441
0.004711019048461131
-0.004445945949836191
0.007574841153968003
0.006850361066282677
-0.006017016492765958
0.0011617518713595875
0.0010811102326165594
0.005908123558440886
0.009844525390599565
0.004737889235539667
-0.006102717929151706
-0.008547451353568852
-0.008487336382434959
0.0037490766058353355
-0.0013774149468537313
-0.004821297769556813
0.0060480415243096474
-0.010870369416038566
0.010505019094971875
-0.008873502544699752
0.008498402136828407
-0.00196505629870527
-0.004946772364934294
-0.002704627597437184
-0.0001800017505071309
-0.010980755711399295
0.0024278504267041907
0.005883162718392196
0.00035469429525186464
0.0006677995277019068
0.0008937554014233207
-0.0009390945396252487
-0.0004408217016059555
0.006051737660190022
-0.006054189664024439
-0.0029242127828471827
0.002868828623664555
0.002231118409405818
0.005940164360737154
0.002074849095092729
0.0011869233281113015
0.007748230553268862
0.011087300839749509
0.009039850475849848
-0.006836511398212433
-0.003883550162348231
0.003086472955067828
0.00958014145101675
0.005492108409701125
0.008793230379350757
0.005894149687705635
0.004703147132705375
-0.007450822770098434
-0.009659975175585988
0.0027205595026037047
0.007437432948579114
-0.004886756175471873
-0.003601544128887484
0.0025391690449704262
0.003693255240363934
0.007736568566716741
-0.0039095001694223475
-0.0016110086665336494
-0.011432765358318836
0.011677161707137573
-0.005378822139684549
-0.009410527567892825
-2.9991784954088106e-05
-0.002530221754446097
-0.00194086861164772
0.0018960640642524003
0.001537992940731148
-0.0071503690554767865
0.007444160390639082
-0.00635407255387868
0.010231038458999912
0.005256247757071044
-0.007257484130637386
-0.0006567064739802861
0.006601103965121202
-0.010122393760930696
0.011604095538838389
-0.008525978862161767
0.00868534163985182
0.007909149659024206
-0.007748182852913021
0.009532678073132283
0.013737665234054185
-0.013673666764610319
-0.008033640725180292
0.007966011962636367
-0.01368897144093634
0.0005775051292782495
0.00683408296318684
0.004862887467478122
-0.0006053619113204331
-0.006897860276109539
-0.005899588482895515
0.005842414617777593
0.005747358189451107
-0.005738869958707038
0.0016616072873196787
-0.0016767834300319773
0.013374819123805327
0.012451196045138259
-0.013318732141276346
0.0
0.0
0.0
0.0
0.0
0.0
0.0
0.0
0.0
0.0
0.0
0.0
0.0
0.0
0.0
0.0
0.0
0.0
0.0
0.0
-0.014967724523822761
-0.01469343418859796
-0.014112265635814842
0.013991358243385458
0.013935287003716674
0.013843850592683345
0.01372651791614628
0.013579294176806554
0.013372702195001421
0.014849533650794342
0.014586985567678656
0.01401658655722965
-0.01287159817982317
-0.012244894866439834
-0.011434933958387319
-0.01040613885075032
0.012926070315092505
0.012293246559463367
0.011476446902010216
0.010441927997150392
-0.013938576446220223
-0.013882803389749385
-0.01379140932324887
-0.01367466721459437
-0.013527261148401637
-0.01332395851776857
-0.013687711535644239
-0.013707555501664977
-0.013761764299492987
-0.013869869453957025
-0.012468742081484876
-0.009123233545086816
-0.00485920212176902
-0.0009454729095360536
0.005219061152225433
0.012403907865273903
0.014500751792207214
0.014027217803841663
0.01385658962181937
0.013821615301463759
0.013853903820180627
0.013938522690528992
0.012513624125504394
0.009149991326373591
0.006067129333082563
0.0009263712841441009
-0.005273457638033316
-0.012504298298439675
-0.01471414434792277
-0.014342189423967951
-0.0023131921568149702
-0.006970245704775731
-0.011492922183832676
-0.013685945612761308
-0.01367869349765315
-0.012032074865057137
-0.008642193403200674
-0.0051802319459546995
-0.0017255930035683469
-0.001944861927275734
-0.006346476390550347
-0.011567473280038564
-0.014240461898392323
-0.013903799631767787
-0.013590035848703854
-0.0117943566078843
-0.008347409963341807
-0.004934368978255067
-0.0016273540297608716
-0.008102425450542808
-0.008849110576868487
-0.00935545581140938
-0.009651652113915417
0.013743075180957595
0.008044833167996463
0.00878260477967479
0.009283997682037859
0.00958261664666129
-0.01366025098075524
-0.0136296924572748
-0.01358207085327852
-0.013513360264732639
0.013741444240405697
0.013706416065495199
0.013652475479170197
0.013578610809728699
-0.013672942204923868
-0.013676826861106202
-0.013674314993584041
0.00967717532536703
0.010197202366110934
0.011282474512323986
0.012574487379487556
0.01339392583944099
0.01366867004653187
0.0137283388888107
-0.009755705630505897
-0.010316757875617824
-0.011461741438165387
-0.012754564777350439
-0.013467134722186901
-0.0017764657426131997
-0.0027680980616544807
-0.004088979284277417
-0.005375316615713592
-0.007521803664179536
0.001741693465823284
0.0027277642819064753
0.004041330063967053
0.005320739897288318
0.007458426714454577
0.008193523763529144
0.007135090166178288
0.006140609385477986
0.004167429256209336
0.002760868726183612
0.0016729025952886476
-0.008170970356600273
-0.007118624877055393
-0.006129857620422931
-0.004168117252540308
-0.0027696984431748745
-0.0016880129200577247
-0.009319614030171484
-0.010213939046079415
-0.01133210047711985
-0.012743224029635167
0.009246828867136998
0.010138175602394906
0.011251703650827331
0.012660448196326689
0.0008497920559998598
7.717753971175562e-05
-0.0008657091718023122
-0.0020223413239393176
-0.0008696339993797838
-0.0001014405737365903
0.0008360806222348424
0.001986178555616166
0.005736048044315336
0.004661682555856799
0.003258129453988953
0.002061804030506528
0.00023859951733906166
-0.0008660798609960708
-0.005727665874753706
-0.004659522892005574
-0.003264093813438327
-0.0020746724839729056
-0.0002619328158571487
0.0008364556892316549
0.013465619028498884
0.012763138804655233
0.011100435140748476
0.009954924026571417
0.00904871101242646
-0.01340578763068994
-0.012410467717722234
-0.011061696670160827
-0.009922202176538759
-0.009021224794183767
-0.0033192223318188724
-0.0045526855145100855
-0.005649067585782673
-0.006732010924163334
0.0032758024155182365
0.004502385570469373
0.0055924103177101845
0.0066691604845669685
0.009275434382561011
0.008192469954887129
0.007290141028860365
0.0065412223892682515
-0.009246720154013191
-0.008169983514867746
-0.0072728170787333
-0.006528195842148113
0.0137338676515391
-0.013673607369114374
-0.008488634138914241
0.00841680127252369
-0.013691707723271721
0.0020850115125934064
0.00842111495578641
0.003663799959060963
-0.002121535748822661
-0.00849498912677783
-0.0064237908466840705
0.006364184708697378
0.005353396020928002
-0.005347196313036219
0.0012606429551936514
-0.0012781239833726213
0.013236793675274803
0.01209756300980849
-0.013185379196219628
0.013014533522617248
-0.012942199715613284
-0.012517868640828503
0.012558757995881692
-0.01464235147617536
-0.002426442761795066
-0.003034020254352144
-0.007157788072034546
0.0023880149313525614
0.0029921990255956377
0.007053974470058871
0.006344287214216692
-0.006332375470818972
-0.012992144002051535
0.012897482406082598
-0.0013522242548396218
-0.001861877999929389
0.0013198429215632622
0.0018266244944994978
0.005038966490037103
0.004432249157365126
0.003712579339195096
0.0029908358308306437
0.002378889186318914
0.0010504635439479123
0.0006007030492506954
0.00010856573266033874
-0.00038091824994213145
-0.0008724774363491986
-0.005034604751090331
-0.004431407547319519
-0.003715907046039393
-0.00299833846940081
-0.0023899263809462083
-0.0010691529256853665
-0.0006219691125027624
-0.00013264523959437752
0.000354046401853205
0.0008428157194894127
0.013102077002166767
0.012829402693705728
0.01178531809235721
0.011308309444592496
0.010185287269841612
0.010751820789043756
0.009641005028041508
-0.012999698072756203
-0.01267947880585513
-0.01223122920766674
-0.011791332393478791
-0.011276842921740271
-0.010151441260492654
-0.010715891546698346
-0.00961012069346023
-0.00368777483048488
-0.00436169501776623
-0.004988343115229028
-0.007317739566670183
0.003642317775928911
0.0043124975308913415
0.0049353907051289
0.00726353425664306
0.008649446208201014
0.008196846934799419
0.009123886026736978
0.007728579175573395
0.007258360068761959
0.0067821341014154355
-0.008624274593782594
-0.008174295077148522
-0.00909599235525182
-0.00770872390650385
-0.007241199196103712
-0.006767707918619602
-0.007503839040359867
-0.001378308068444967
-0.0011491972801289105
-0.002881495265662651
-0.013692200889777824
-0.0136839512545209
-0.01255097548590107
-0.012689495684083972
-0.011167844997880066
-0.013996197621676153
-0.013823479611303044
-0.012780411287325039
-0.013086399151278509
-0.011225184172194338
-0.013677669511270802
-0.013679165384115427
-0.013676622314241563
-0.013245465735335462
-0.012656242105567343
-0.013082859778249013
0.012551320467565364
-0.012317378266666996
0.01374468336776611
0.013732465199258158
0.013724162829333359
0.013227101601186913
0.013466994511919723
0.011481083929504239
-0.013360229876687677
-0.013602836965418997
-0.011641043338926103
0.0131287246519232
0.012522478366308121
0.012974767023356001
-0.01367410874019302
-0.01367421435334496
-0.013675373810278172
-0.013676536345125329
0.010978798862086518
0.011530111207538964
0.011450109008679306
-0.011075327931772792
-0.011662206559871992
-0.011517965917521456
-0.013437998302143771
-0.001485367953288698
-0.001907275065552473
-0.002035426472107253
-0.0013466404257750381
0.0014690846428536328
0.0018934364994894208
0.002022330963489239
0.0013295554034990157
0.005934957866072739
0.006071923604015204
0.005391270651027275
0.005518108429803745
-0.005925409538770242
-0.006061574113838137
-0.005384856854018938
-0.005510972407749745
-0.0032577722612292647
-0.0005978050459009681
-0.00017573772340658176
0.0014017811755728032
0.001510421527763424
-0.00042132396406059235
0.0012972058211066409
0.0009255888675357249
0.002514486110252599
-0.008117500719101845
-0.006232487795577131
-0.008169575772973356
-3.9211889504019406e-05
0.0011250513776487146
0.004659476080953393
-0.0014018774649773142
-0.001251004960327646
-0.002968419441219083
-0.0014716320604089414
-0.0013905225422210159
-0.002978227741210542
-0.005223646506512453
0.0016129604687608083
0.0015416507861857867
0.005383628523852307
0.00316408597288692
0.002866359736951904
-0.0014270353641881541
-0.0011770928848726626
-0.002932370039798229
-0.003178090211227399
0.0005169053252127404
0.0008325084771260788
0.0018563502600202149
-0.0012814435226792837
-0.00103638795976684
-0.0029996400351064915
0.007187156252907445
0.013881198689147048
0.013827580473266822
0.013308900137038575
0.01352384403293069
0.013679957222252731
0.013305790096115742
0.014450333058565154
0.01424006558152626
0.014235974394514055
0.01395088850494406
-0.012069913415934481
-0.010400022300202236
-0.008841192237462422
-0.012136211168494034
-0.00908765042948107
-0.013687311077199027
-0.013690580659703714
-0.013685785576756409
-0.013687680480751512
-0.013700610395026116
-0.013715961200825206
-0.013690945926921591
-0.013696332399089397
-0.014287521065757775
-0.01444221493105365
-0.014412115598679517
-0.01416254116861454
-0.014075394916308005
-0.01353732735584181
-0.013660640524471147
-0.01337549709947989
-0.013756143018946867
-0.013384527824830652
0.013834657678473
0.013862055200368527
-0.013675629594465798
-0.013680831641955283
-0.013682157255089575
-0.01367826837024097
-0.01367641193007576
-0.013713303662706372
-0.01366660155316739
-0.01365473974181107
-0.01367305129131382
-0.013682827708193034
-0.013658787792266626
-0.0021641435892482287
-0.0007355897537995407
0.001927046524257861
0.000573596979757309
-0.013779453174581126
-0.014393282720059247
-0.014240744937206982
-0.013925544980412647
-0.013523503981137826
-0.014179794522982368
-0.013675101981074269
-0.013533344252078099
-0.013111731037363834
-0.013400516274554103
-0.01266769210040258
0.013611482531434101
0.01323747594120124
0.013479096489930384
0.012854881259652683
0.013731801922844358
0.013767318636591988
-0.012798216802147948
-0.012208779445342828
-0.01219237876614813
-0.012713086492844848
-0.011858773031487123
0.01269968834476759
0.0120774697810475
0.012102085637792774
0.012601594189881321
0.011756773131954818
0.013110776852195975
0.012976762147457858
0.012200167324722289
0.010508489467323974
0.01070835097804559
0.01001959202338605
-0.002597202068973075
-0.0100462465240049
-0.01061581578984598
-0.011082174332970793
-0.010877668676828123
-0.009932285697416731
0.008114577853997629
0.00819851344434399
0.0057650629343914545
-0.012790560116918051
-0.012924458299255879
-0.010899374743227098
0.012865746444089906
0.012954070957571392
0.011304930814590587
-0.009522047829600238
0.009725903845564566
-0.010131313879789095
-0.010544092677775696
-0.010724154981590036
-0.009960296331067311
-0.01034492123244196
-0.00450365529390431
-0.005228084441851132
-0.004828518391084126
0.004494451224831726
0.005215448182680252
0.004975267478138943
-0.01115653061247624
-0.010788947513551984
-0.011536239842965949
0.01171340121621316
0.011182722601650001
0.01110120598653298
0.013619903233898676
0.013660289991589022
-0.009025074197335914
-0.009355891043665113
-0.009701303704334347
-0.009590086689407898
-0.009851084307237797
-0.009702817359706498
-0.009927280312192801
0.013548855271795557
0.013602238484203107
0.013643808660323288
0.013590823994320263
0.00920298646375491
0.009403884832633798
0.00944896557751149
0.0091493150449412
0.009543927766629075
0.00948893269754891
0.00874967784012394
0.0091395750707401
0.009105139498538526
0.013310127666041918
0.013477731651816767
0.013255256331686508
0.013522954340843376
0.013524638474583671
-0.007781230469186775
-0.008466507622870462
-0.00760365936220891
-0.013545569811996963
-0.013466891766609123
-0.013457981514178279
-0.013183528990311666
-0.013142444833505672
-0.01332839136487116
0.0003687639838344087
0.0010302330415186925
0.0006223997313513191
0.0013720008346219613
0.0014358304487000807
0.004138058394911285
0.003998900104959632
0.001529579169403496
0.003845660452145525
0.0028462232108975127
-0.0006176736793932277
-0.0008712584681518165
-0.0023517018574910676
-0.0010920764796983984
-0.001964737443436993
-0.005927950918717094
-0.004402828600756423
-0.00634250751689577
-0.003761770575874838
-0.004461661173142808
0.008292207783748713
-0.003545220407231462
-0.006267162532386485
-0.00148535024263829
-0.0027713186731455454
-0.0024320892992731966
0.0002758573321378136
-7.249939603091771e-06
-4.390853096163734e-05
0.0007741671877870794
0.0005364270693581764
0.0002514011635510141
0.0014722797301745549
0.0014316530782540764
0.0006026054050098808
0.0026722442252079667
-0.0019884058204425585
-0.0044003717597445825
-0.004154749696675405
-0.005683389111941232
-0.0027926765678369654
-0.002704204059105627
-0.004180903557854606
-0.0009494182943105609
-0.0007794065344020078
-0.0020513911834870897
-0.0027622938145733657
0.005999108517117476
0.0039188981515396425
0.006065478277389049
0.004494706951383321
-0.008190398369656566
-0.005756964932412377
-0.004358235978982617
-0.00408788347698864
-0.008356595463462046
-0.0011466839206463798
-0.00287415278795045
-0.0014092485294549002
-0.0019772055323695834
0.0015152872150789886
0.0028344936407015213
0.002689625290248068
0.0017758348463460894
0.0002865468776703009
0.0015373111576047994
-0.00015105027397326471
0.0009774010488763343
-0.004691570457909963
-0.006521904978937846
-0.00619659872808903
-0.003462740886181571
-0.0036083181508344236
0.0007183565749371742
-0.0006328373154591843
-0.0007488721440342125
-0.012577446130239704
-0.012939537404976498
-0.010104337648113625
-0.011771921262955046
-0.009216682930872109
0.007744621182671345
-0.0023358912439405233
3.264880873312708e-05
0.013642423919279197
0.013699806167297744
0.013740625479175232
0.013728539612701107
0.013772056216562247
0.013641606844350297
-0.008726846407451146
-0.007153604432312656
-0.006540919218776909
-0.011944555261362552
-0.010378619648381045
-0.01189488726285213
-0.009190416239471987
0.014082779137938371
0.01396246410029791
0.013919095478783566
0.013898506003563344
0.014057486527814217
0.011506147911986793
0.010027071921256129
0.008126085039920653
0.013853210043044082
0.013830572411164482
0.013799604741243398
0.013828706743752554
0.014623052103221604
0.01459497926401711
0.014416261430794218
0.014398082921950182
0.013600372174672278
0.013965897373176253
0.013783490674147112
0.013393207614776774
0.01357077094974613
0.013972199006675918
0.013761846197989243
0.01378313417490893
0.01379638228237249
0.01380090617921747
-0.004596910049968515
-0.006628446789701746
0.0044028173707980015
0.006042559428562299
-0.013740919184966642
-0.013777059966067113
-0.013717533558094524
-0.013718658944694725
-0.013746529851504383
0.009857493509219275
0.008319140013902486
0.011116255981266362
0.010102702436669607
-0.010133491823007781
-0.008720163035213259
-0.011324228910376015
-0.010321942107576238
0.013819685129412259
0.013821156390642401
0.013797887121269474
0.013814453802928525
0.013812667142481161
-0.008046739471836163
-0.009392088041716328
0.007780863247153288
0.00921135907646236
-0.013674312150874345
-0.013683775869454027
-0.01368512904531452
-0.013679122583329468
-0.013675737169029941
-0.0009063345337791284
0.0018541292995923847
0.0003389476524210889
-0.000812867030853424
0.000807796410940387
-0.0019489084519465063
-0.0004845891222255624
0.0006541420194751184
0.006982597493463885
0.005737705099888176
0.00780919476006057
-0.005566590309622454
-0.0037946139731530365
-0.0050435281044843095
-0.0031472479821657985
-0.012569167106349867
-0.012664311832135967
-0.01120001196180343
-0.009883776248505241
-0.011670229092440356
0.012611392115258415
0.01272269609376641
0.011217314647779988
0.009873478390623514
0.011766698494241938
-0.0128334557844109
-0.012107510083815365
-0.011338996701819084
0.012721842293614258
0.012006167580424686
0.01120261166566693
0.013843258963814492
0.013756674532774623
0.013824840828080456
0.013945860210691174
0.013938541080637797
0.013900964178264887
0.013863076334607895
0.013863040588927233
-0.004906930935100295
-0.0033446799656265715
0.0047181736633009706
0.0032334371654287597
-0.013638684062070278
-0.0136185324223739
-0.013655382700800578
-0.013653305213853006
-0.01363010067227812
0.004652895592868211
-0.004791450385270427
-0.013770841391614703
-0.01371852198732072
-0.013730073630845248
-0.013649020760426551
-0.013878997371775894
-0.013871544905554728
-0.013823676152130555
-0.013781006058403116
-0.013782768813343718
0.009640153476416948
0.008702219327413696
0.007651219415164228
0.008952531738523133
-0.00944941641676895
-0.00871158582346419
-0.0076602139504161875
-0.008835925730571181
-0.0063316770854458665
-0.00794191602970783
-0.007086064566725314
-0.007850362284743652
-0.013317214172695935
-0.013245150965156403
-0.012579640818435706
-0.013025757738720013
0.013384258153593271
0.01327778832859874
0.012699739272297148
0.013124156080088023
0.012772747371736004
0.010008174943586488
0.010563721143060223
0.011034025338746617
0.010849787583615744
0.00992327290491952
0.010365249789608113
0.009789269201663191
-0.008179303372751521
-0.008206465947266676
-0.005510830595748036
0.013707985844276677
0.013680177829145143
0.013646134455031917
0.013686141849011344
0.013723422251874689
0.013641972302326659
0.0019058576086064215
-0.0019721865993621605
-0.0007276332278708475
-0.0018023298135290552
-0.001618663289121434
0.0005825339343925103
0.001670696298892837
0.001438207848607428
-0.013495003254324595
-0.01353678751512022
-0.01348892845073973
-0.013578350274141244
0.007399867450646201
0.008452229852169552
0.00814513178820305
-0.007395053319299197
-0.00837733079544253
-0.008097675354422601
-0.0030434851255305368
-0.002198275666940519
0.0030105603787673805
0.003748442514771135
0.003884154125295521
0.004291876799844324
-0.009156826899701901
-0.009565324812153749
-0.009543848026363147
-0.009801054556406863
-0.009201358573958048
0.009935383473457333
0.010220431199321579
0.0097865205430103
0.010134380200853277
0.009636623019534933
9.133230383410584e-05
-0.0003865898733454326
-0.0008454969037299775
-0.00997806594654793
-0.010544333398987167
-0.010130541350360383
-0.00956302007198518
-0.010671363798952112
0.008058682335465188
0.008160841522434585
0.005877807637286599
0.006979564849331175
0.006012614035373258
0.01300920128491109
0.013047786956331986
0.011561602282398465
0.012199746636891856
0.011831927113409748
0.010049053719948
0.010619183626818102
0.010357075648434693
0.00970870590725469
0.01081947670801081
0.008642744862054822
0.008946140031426363
0.009164232411444932
0.009168522997613218
0.00880338351036138
-0.00925254771867271
-0.009437898006408374
-0.009475011299074618
-0.009250026110663447
-0.009542959350528629
-0.013048061514746733
-0.013057603205695798
-0.012326320988735805
-0.012008799943345309
0.013065875320588729
0.013057177247033
0.012629205512855351
0.012197313258601688
0.012043320502126673
0.012486381789960312
-0.007685867234903871
-0.007921896697208356
-0.005931747180925727
-0.006618559200782283
-0.006017938505564209
0.007641155601829477
0.00789271281306235
0.0059041620321163245
0.00657576844810186
0.0060329875771301805
0.006977920910181281
-0.012509141812498526
-0.012000881401741974
-0.011613842759048955
-0.012984792293287552
-0.012950714674866458
-0.011815971866065922
-0.012461757434834297
-0.008097383827763384
-0.00848834617386741
-0.00879019321598233
-0.008800847102168021
-0.008252487143452333
0.007625135562514747
0.0074592649199505335
0.008205654496857432
0.013395155145346851
0.013563245607341541
0.013487492884822538
0.01354347731944656
0.013447896761673546
-0.013278989753048608
-0.01337928264695887
-0.013379155963492958
-0.013421226676237834
-0.013295406253467108
0.0005580108167316897
0.0008894380937250182
0.0019818363923603624
0.0008786361408723982
0.0018766028337300611
-0.0007302453298088476
-0.001468663685062271
0.001646997830783096
0.003538953099042564
0.002094288053270862
0.0027022798124936623
0.001224168421625688
0.0012269125534121103
0.0034285852326973094
0.0025641943132773395
0.0024863413672315668
-0.003655160739096743
-0.001669437079054378
-0.004290093373694592
-0.0023803297283102975
0.003350994801646594
0.004927106704058346
0.0017032414931754945
0.001973554875261623
0.0007841362755404033
-0.00045626032362373854
-0.0008607933971080293
-0.002065290541701953
-0.0005611657011139868
-0.001828725595324605
0.001277157892844796
5.5490175949668056e-05
0.0013070351114551463
0.0005546880003608175
0.0003178433402653825
0.004307992373936532
0.004229064147287166
0.006113928290221839
0.007390843637510258
0.003684725510687925
0.006567902194644668
0.004560223777133696
0.004889428384595049
0.00750464742762036
0.005927343371926266
-0.0028318326062104792
-0.0014345078208076716
-0.0014968723901175847
0.0057033850672431035
0.005336057148707126
0.004711448474985847
0.007323816461099522
0.005143728181087656
0.0038151676359698297
0.006001859744658414
0.003904996850965717
-0.006328171749337845
-0.005097226577297093
-0.00550313637387028
0.0036311225153134548
0.0036363599066822675
0.005580607608226279
0.00483297744233589
-0.0036707093402359946
-0.005625503327698507
-0.0047323968696877106
-0.003638626813802707
-0.004724980211066956
0.012185326256073555
0.012399841721315356
0.008028972643192344
0.009070057213068918
0.009897552511442195
0.007669701726219273
0.011668269281648627
0.008142695932371515
0.00903724594776654
0.009529899435214848
0.007856000671396657
-0.012047618678232007
-0.00997624709876861
-0.011447875299812765
-0.009072100544584195
-0.009909843657965546
0.002104053266677689
0.010937886715512653
0.01147790942173504
0.009164003612239954
0.00830002874797705
0.006846898979929436
0.008125775484373524
0.008079264529039894
0.006971326042362205
-0.0009213638290817818
-0.0036590858512282848
-0.0014642970499948167
-0.008135736480448763
0.008087917439410936
0.009406437518355987
0.009075080453065204
0.007291765678535557
0.007242490639547594
0.008390585005728108
0.006580697343842449
0.008331190697628346
0.012166917263331724
0.012113583267681523
0.009506577767900915
0.009249639023616125
0.008869419039783482
-0.0022663704845311936
-0.001158768431352795
0.01203428898217202
0.012071828520903036
0.009131267910386574
0.009003655677851373
0.010575820009912525
0.0027439039250022946
0.0021090378145687564
0.0035076782290836754
0.006908629426679192
-0.005527085770938303
-0.006817279265671922
-0.005415445316302694
-0.0076482441714394896
-0.001269019315010288
-0.004395870755542866
-0.006722392612403231
-0.004170336391389326
-0.005253974494779428
-0.011671672267863442
-0.012106415411173724
-0.008179746196312645
-0.009608369064940121
-0.008792384979510764
-0.007234118383176846
-0.007846294609269737
-0.006246682229662564
-0.009053455068609407
-0.00651368893371059
-0.002776168343504568
-0.0050649286899890076
-0.004149185084810991
-0.003356725875745144
0.002389896855797651
0.0016945371332916456
0.0035325575759786237
0.0006604738234967765
-0.011558063978469679
-0.009815450661779534
-0.008184616401117246
-0.006880678039320213
-0.01030100127143988
-0.01221149858685485
-0.012199682029600499
-0.009333906704993695
-0.010673738328480514
-0.009579361203753132
0.008048302150977156
0.011100619006621421
0.009780471302445866
0.006286934515001691
0.00865958562592839
-0.0055401790087472565
-0.0060888036018327775
-0.005141669342741379
-0.00715065429142729
-0.005090712779295485
0.013755210793100485
0.013745737103919142
0.013778262457798646
0.013749599200254438
0.013771488455470882
-0.010633796935593192
-0.009128443624644928
-0.0021334002706904463
-0.002947473377334656
-0.004008986553245941
0.012148238222845883
0.01250933425410388
0.010094013293023129
0.01029003833113635
0.0009176015350879653
-0.0020391254124859795
-0.0005507795736782287
0.0009069136769914055
0.005504333946662286
0.008443156982934347
0.007146658310486204
0.0058396621892307845
0.008422261611852836
-0.00886030973391099
-0.0077982120008169556
-0.0069306311217030665
-0.008918279979623587
-0.011606017519707388
0.010012293836958076
0.01341494899624307
0.013224614061769904
0.012263731437814908
0.011142011170041141
0.011090467059150911
0.012062247764953059
-0.01354669662329252
-0.013347506945244903
-0.012427853014227934
-0.011308568543173298
-0.011289934877273521
-0.012196123930786104
0.013752829097321107
0.01374290697208033
0.013768361074274347
0.01375233371530931
0.013766872352115002
0.013733275147542554
0.013794707820075164
0.013748784608400445
0.013780570262160495
0.013721685307170857
0.00320347610745657
0.004604075845895073
0.002775810573077648
0.005163911198594373
0.009793920404935564
0.008354763813852315
0.008900441493368213
0.007936105838636031
0.010008471730032916
-0.009807623038745968
-0.008402613950611315
-0.00899420172797
-0.010034889670959205
-0.003093703384343484
-0.0014927301571606203
-0.003988036460214124
-0.001711668945769882
0.002928678752846611
0.0013310664980044713
0.003691160823944667
0.0015649917556402886
-0.0070461223426279826
-0.006138741042288585
-0.00800675265994982
-0.005899432251935231
-0.007098118083439425
-0.00809592382451378
-0.01085618291426217
-0.011447405194924425
-0.010737315245766016
-0.01143419537887466
-0.008623836093958339
-0.009575649382240613
-0.009390387011035213
-0.00888075294261204
0.008321217635525548
0.009355419157836536
0.009111037383474317
0.008646894136366625
0.010763768260136463
0.011352605117844675
0.010610457311954612
0.011321139155339423
0.003195735744284435
0.001264570601857525
0.002862169415689712
-0.007027858001852963
-0.005384721425253367
-0.007625616172029126
-0.005730744961109677
0.006748271794743494
0.005194623914480872
0.007422959093156943
0.0055862226148282864
-0.013686250508033815
-0.013707553274239417
-0.013665855664812796
-0.013689381989154085
0.006096744250166615
0.007817522424605634
0.007008377012063978
0.006836448301490443
0.0077985891923178915
-0.0038987226960343277
-0.004337101014423456
0.0037785323176715096
0.004234117621373907
-0.010161797238454872
-0.0096012885360264
-0.010884197096688496
-0.01056971265124432
-0.009439286887318779
0.010399131759182357
0.009635212165424737
0.011066398016251193
0.01064475547726903
0.009544372881282402
0.008384758281396237
0.008075821112075134
0.007226886502205904
-0.008478519566529787
-0.008227886184948846
-0.007376665539010953
-0.0012765143203918984
-0.0032672087600286604
-0.0016353461108809032
-0.002397695557790983
0.006017530897311387
0.00476925780560288
0.005149935394139571
0.005719575788628116
0.0011295195069583699
0.00310015727307615
0.0015281159694313746
0.002210229038968437
-0.006392490510986596
-0.005012877915862395
-0.005570364971809158
-0.0059829917719103586
-0.004403555775827418
-0.0028023384826554817
-0.0026768498243356135
-0.0038547146303957672
-0.0038870097015212815
-0.0022764678442681306
0.004127234196622
0.0026501166688546987
0.002424305883934317
0.003711921152256718
0.0020971391113285306
0.003495991384525642
0.013921774976049035
0.01389252391981931
0.013868303961583022
0.013898317326222345
-0.00020229936665957333
0.0011105386784871563
-0.0007231408906934909
0.0007609641767548535
-0.00098843478654979
7.474489029078717e-05
-0.0012105707504952686
0.0006337490195630789
-0.0008839450683401389
0.0008701243715736818
-0.013852307588428741
-0.013819415738401447
-0.013773854829327942
-0.0137667027214589
-0.013818084464740912
-0.0005529493781171123
0.0008136936832994779
5.384282178273465e-05
0.00048572249499347997
-0.0008641543523402054
-0.00012817259031346629
0.013814773096916007
0.013775506854511016
0.013724204995411571
0.013691206239609954
0.013785029970581042
-0.013595395117684525
-0.013569000208420575
-0.01359933980235479
-0.013610193649789312
-0.013566922082970015
-0.005185970416436642
0.005126858779406269
-0.013502407710001751
-0.0135988577185724
-0.013531786017620374
-0.01362811567275205
-0.013545034244429443
0.003622615203475807
0.002770882294758049
0.003714128224041725
0.0024302088719844453
-0.003647783730894186
-0.0028437956240922276
-0.003785258227319411
-0.002478909897028458
-0.0057547927156844925
-0.006468017363931304
-0.00543241142563645
-0.006457704369658962
0.009628585070423485
0.009542696392729987
0.009735910559023966
0.009554948929936044
0.009733076269390205
-0.008069929571579532
-0.00816001132319038
-0.005690880570992659
-0.005933142438596641
-0.006883880620053335
-0.006959647238104545
-0.0008872629600596712
-0.0013984983866808026
-0.0014816087532604119
-0.00200246290481354
-0.0008984840073383433
-0.012940122881263222
-0.01256640488095246
0.005121741365371464
0.006196938310618865
0.005313155611743829
-0.005184493965604291
-0.00626812420828591
-0.005403051365267029
-0.003086151915003837
-0.003778792028463511
-0.0037976902137757495
-0.004261227863437673
-0.0030188630356655834
0.002338879687527073
0.001723971400725943
0.0026236335398215098
0.0020574411152701425
-0.013669072796232392
-0.013613219691142833
-0.013567368557885704
-0.01365570131927614
-0.013595907179744503
0.008493699210237883
0.00798574499543147
0.008654888300465041
0.008066736434353258
-0.008453613759999111
-0.007954660783866693
-0.008578651967523046
-0.008017251793627986
-0.008788947036128628
-0.008898446038825978
-0.008486942407666453
-0.009020186592100498
-0.00860460278135593
0.002084099034449353
0.0011835871999359658
0.0015949951557337738
-0.0021013207249740646
-0.0012055664197173862
-0.0016266362813155345
-0.007469001118933934
-0.006999034200553468
-0.0074479743614217315
-0.007719394788607767
0.007491437294202885
0.007014058508798034
0.007473513580134165
0.007752190083546976
0.007939750794816852
0.008308020453790876
0.008424203565033313
0.008546766800542916
0.008054624132128046
-0.00026463133209274364
2.7966970346698784e-05
0.00010746880757613049
-0.0006429286390851967
0.00647129372769418
0.007799223070382677
0.007148635917288914
0.006159249592196977
0.00821949839481434
0.003811826410991947
0.006310258979000121
0.005079360644807988
0.007305325085804652
0.004880951414740926
0.003902787878422636
0.006869882863971812
0.0012436980109206722
0.0025253968369163705
0.0016253377233408424
0.0005913113535283244
0.000899719101379492
0.001882808416584393
0.0036334467761528345
0.00582283015789513
0.0036379802604728753
0.004802905712330434
0.005643666369264229
0.004117860809429319
0.002599479601717099
0.003089336308207557
0.00402767907033606
0.002230860913784419
0.0021778905778022223
0.003604109607797898
0.0017705581451178364
0.0031160371092014355
-0.003229470309834363
-0.0033831408144104833
-0.0023173964791623827
-0.0020316486760457264
-0.008080523047061496
-0.005522891110761128
-0.004231758575627787
-0.007559930710711909
0.0020208651556502754
0.000830791152912285
0.0009532629042852823
0.002094793797210536
-0.0008600649899587135
-0.0004859699448403706
1.3958372520727389e-05
-0.0018362332525184682
0.0003022966834356777
0.002706501515908854
0.004193115403560756
0.0030871783287730976
0.0032196398365597918
0.0018098718173771551
0.0010794821622503957
0.0014043061235639496
0.0013808930194724484
-0.0011733835270490542
0.00016058452867880757
-0.0010224094291916943
0.0003098489399006704
-0.00035313346641360565
-0.004592877425591873
-0.0069124081237581
-0.005387538500976083
-0.007153959642330218
-0.0056452998469309155
0.00838635216596788
0.006594883971673753
0.008238291018810993
0.005139995402623562
0.005896376271457001
0.007839056480294536
0.0076144864368284096
0.006609252389454911
0.008499170751006818
-0.002386482018638607
-0.001503377210920049
-0.001782949166937931
-0.002053930418206479
0.012546865632695888
0.012357505168070144
0.009929258738693788
0.010884291502076919
0.010665035775669561
-0.001952349696277106
-0.004086959111734551
-0.0016768053053308678
-0.0025056609425870677
0.012459777463341681
0.012698327792270512
0.010632268684208426
0.010946007004919019
0.010022707536491463
0.010462885954639997
0.008152117128341976
0.009467817747467097
0.007990698218091712
-0.004769252584054495
-0.0015271445388504777
-0.005138106044967262
-0.003130340952361571
-0.002529829720571703
-0.0018219536277506315
-0.0059912864589714634
-0.006856627624828686
-0.008156548497827437
-0.0068236502381814
-0.008334254949644838
0.01183146688705483
0.01158986637256555
0.009180117880937937
0.010486782167977346
0.009157190485789066
0.005213598728618337
0.006722798318301599
0.004917950417513074
0.004580729123126434
0.006369726569354206
0.0011878723311322
0.00014796126026990898
0.00027245011535895886
0.001535877482541676
-0.0008838880991817929
0.0005615926859200324
0.00017291623899718346
-0.00029503876953364825
-0.011347604574816164
-0.011685976652230812
-0.009241469636813333
-0.010487627978788409
-0.009246639137515842
-0.006878369941740054
-0.005048407979304517
-0.005128187729780955
-0.007137183835210715
-0.005845926871330099
-0.006120389757827273
-0.0022595023444170973
-0.0026611428679247
-0.004992230488876307
-0.0031688336033934084
0.011981202529933479
0.012203786710489734
0.009993229825214112
0.010586920801899508
0.010921868942524084
-0.012545562585987022
-0.012703951046115035
-0.010792881097979075
-0.011290552142893017
0.012707660863287253
0.012680020297912379
0.010527082917583128
0.010437385472703325
0.011638450082405898
0.005156102008628406
0.0036079425356028874
-1.2686696153308851e-05
0.0018349547839178167
-0.00019584092876521675
0.008421881663403512
0.007052913716018437
0.005413147586455798
0.004496412359542643
0.007455523990608262
0.006119034429729279
0.004724710394662631
-0.01187139250118207
-0.011263594789415602
-0.00983699976773349
-0.010847986707360414
-0.010215355104545756
-0.005504293404228065
-0.003799866043248979
-0.005501757152187842
-0.003176221831490919
-0.003996163189398953
-0.005286602412607504
-0.003771590481595236
-0.004797757484376647
-0.0038655017748536304
-0.01116071013422219
-0.010127810245165512
-0.008028421716409311
-0.008257575095260379
-0.009710415577954408
-0.007089394059050327
-0.008030775772312853
-0.007045971328969264
-0.008619887006858252
-0.006909328417374872
-0.0011721081461580289
-0.002019987009712423
-0.00035400960163983915
-0.002087544443050551
0.012642899809574707
0.012596979378742811
0.010177196866520948
0.010317090630380756
0.011332836523331079
0.011511477287985192
-0.009272192761156109
-0.009787997763026437
-0.008400734927783551
-0.007342989510291237
0.0034757510889017753
0.006713508361888456
0.008173519786414873
0.011543018579989885
0.009872000086165537
0.010744913102835464
-0.0007756645896749091
0.0005544825861892631
-0.004191357612524849
-0.005386241649369539
-0.0029489743891583232
-0.009314137744502368
-0.00218894809796664
-0.00410066819151802
-0.00323765021648502
-0.0031126375892757806
-0.000852120789577964
-0.0025814446701374386
0.01378336891322863
0.013798950309000703
0.013767878584367019
0.013798089164450529
0.013775448378618669
-0.010906457392907905
-0.009904713112391723
-0.010016515610913145
-0.011060445726900904
-0.008518093465132555
-0.00892620690117278
-0.007153330993245554
-0.008200078730969099
0.001348586658177599
-0.01315082660752749
-0.013071377333191405
-0.012235227121586407
-0.012798537406428763
-0.012091163420975276
-0.004101675573959135
-0.004561452034503334
-0.0034883431079022033
-0.0032459634226465034
-0.0048049994629525295
0.0038748742473456053
0.004204024656032217
0.003233026225233131
0.004500057893511075
0.003036775142452663
0.012940235821083277
0.012936622754029304
0.012256052036208555
0.011582631704640443
0.011498458789331156
-0.009123308471844166
-0.00970467168629334
-0.010251462248244948
-0.009923320938295174
-0.009073596818911197
-0.010391199832037307
-0.00875294206935335
0.00903349473797734
0.009620309045855691
0.010161115465519401
0.009785624374008942
0.008927643132308238
0.010282132043053196
0.00863670008237301
-0.012960906962547314
-0.013008618904605706
-0.011961994499339707
-0.012382704569464286
-0.012531681287851851
0.000509845548335026
0.0011111585066099583
0.0013068121631423042
6.204061563299724e-05
0.0014974475310420771
0.005574528180588829
0.006383572867132957
0.005307015251111081
0.006317882699425305
0.0017298442423571859
0.002805684457370713
-0.0018012281497406333
-0.0028820994925499496
-0.003296267986249352
-0.0020743086644681415
-0.003138532096540116
-0.0025265574846737755
-0.0024719580244893288
0.003167309709409013
0.0019813567736173014
0.0030398548053453952
0.0024034032625686623
0.0023889320378047535
0.0013334684645932978
0.0012116295151496585
0.0007039355145590347
0.0006506875449194156
-0.0014110123240129594
-0.0012723635559397835
-0.0007828876650521652
-0.0007142766452991792
0.01297156050751894
0.012662772324411835
0.011774066899240836
0.01233365967879348
-0.006381587114229328
-0.005459165246476272
-0.0057303723293040025
-0.005940436671231169
-0.006774832460182524
-0.007133387043334438
-0.006027338430084708
-0.006885778801943785
-0.006231299259165499
0.0067549143745917655
0.007141006492451559
0.006001899850114614
0.00689300091951233
-0.0013182214636697962
-0.001816361575045379
-0.0009736353741549384
-0.006764387965562454
-0.0059391010666325125
-0.0065868210993330215
-0.007289679225348048
-0.006108025537967371
0.0066837956555358645
0.005828607732441687
0.006453102169675648
0.007176229912900752
0.0060204942971454015
-0.0038193258998141565
-0.00452268649897457
-0.0046686988668215215
-0.003939649441332847
-0.004940112482636738
0.003764344009269599
0.004463034988608064
0.004582078274132666
0.0038606723467961047
0.004866895537215373
-0.005011813954776259
-0.004371546367584222
-0.004598767557729517
-0.005214971276019341
-0.004078502719434199
0.005003314843119858
0.004355101804345235
0.004543093641073159
0.005179967972853679
0.0040385720544938815
0.013733062929011898
0.013684563051398502
0.01367190839639953
0.013721124950598325
0.008154440186720837
0.007286882514871186
0.007742947459798011
0.007185977324876594
-0.008234951543115099
-0.007361342417763818
-0.007838071735534358
-0.007276266149577078
0.003169050950151561
0.0026132584489623493
0.002199700930828531
0.002876478426002948
0.002115177979693756
-0.0031861655971026194
-0.0026294242616199193
-0.0022333318027125664
-0.002908434783563029
-0.0021390313893659557
-0.0006716110792380436
-6.559716418645511e-05
-0.001015328349912127
-0.00035190285360048773
-0.0011102563275221496
0.0006455617504899703
3.5311365038158665e-05
0.0009770059320182748
0.00030787163236202665
0.0010815707968384264
-0.002465912170456608
-0.0019147493441599654
-0.0024321864804255234
-0.0019142244660890664
-0.0027986409161850703
0.0065711617449210466
0.005400681768462626
0.006460728256618631
0.005503724025088217
0.006060192876684763
-0.006645733861006481
-0.005456796475465551
-0.006530119964509742
-0.005560731492088057
-0.006122278970047479
0.009512467991086952
0.009001536680392181
0.009195782968624297
0.009650669427830145
0.008811359343762341
-0.009454143601716493
-0.008953303314404904
-0.009099717470731052
-0.009555142397759352
-0.008747361513159725
-0.002349344836865171
-0.00040659573295118655
-0.0004414438126249271
-0.0029193125662189848
-0.0013352130416233693
-0.0019655758423820597
4.2005310892104224e-05
0.0069233166503702885
0.005057887560043491
0.006988276540843251
0.00501376736481146
0.005871131679317812
-0.0037477065217349646
-0.004430522381070183
-0.003130588171325227
-0.004647167491638023
-0.0035094585537567887
0.0027049380148179186
0.002847056582882513
0.001996354079392132
0.0033175670164956816
-0.001048192880587855
5.792585955027749e-05
-0.0010523611885937117
0.0010958054240276624
-0.0021175489668351947
-0.003314069613757946
-0.0018028042690528482
-0.0031172142296452304
-0.0026031810317457887
-0.0015019870279562378
0.002361575483140438
0.001375287087299387
0.0010036626107243261
0.0007767791058304535
0.0021232194237181903
-0.0035124156485695284
-0.0018108838339127634
-0.0029938373072445137
-0.0019497918504979219
-0.0046722910569265
-0.012686249434412603
-0.012511813986506878
-0.010704953494708696
-0.011103911564990566
-0.01173210214236054
0.003992022453413076
0.003897122340133134
0.0029155127456611104
0.005347166245766323
-0.0014185649725692337
-0.0018188582775464537
-0.0004465016158107477
-0.0006210657884921047
-0.0011563244702604357
0.009283607957582549
0.009647993080207595
0.008008304457642803
0.008940607391253868
-0.00016695474810286153
0.0005608744032610133
0.001944676263401452
-0.00026010907078978187
-0.01040495490612846
-0.010930175434757765
-0.009261644769855495
-0.010200018392517069
-0.009407958822535077
-0.004929943351132572
-0.0038586958457164596
-0.004263359124809362
-0.004476882252969648
-0.0059446194839711175
-0.0074130453344808086
-0.00653348662910659
-0.006413846032637009
-0.007500926903266593
0.003581809701197867
0.005398220741636821
0.003910669080484998
0.004517891472628156
0.005027853800000468
0.005093573327314282
0.0032955004940451445
0.004088473010478125
0.004298348843509117
0.002699187529225631
0.0025549246498825385
0.003511894652175797
0.0018143863889798048
0.0034203564098749134
0.005875803247096146
0.0036571895519645634
0.0038517790462417787
0.005377511801389464
-0.004664447345817728
-0.0049918997800670484
-0.003922714261095099
-0.004205756755721562
0.0067392387918111946
0.008290671249630024
0.007741185040854652
0.007486711465294936
-0.007689918971914942
-0.006546360079172508
-0.006064517168331666
-0.004849392195734269
-0.005118259775389005
-0.0072305634973638625
-0.00011842999138426289
0.0007085237628747903
0.0022630899423163116
0.0025865277084197117
0.0009752547210851667
0.0019362442210902465
-6.085701929246721e-05
0.001327093350082742
0.0009059897079139934
0.000303451628332788
0.007645402514729069
0.006581274047803345
0.004603905939651751
0.005757034234089123
0.004483282136626636
0.009190655799284516
0.009992706596722578
0.010159786122459082
0.0037338372795626723
0.00568435113497065
0.004520591208743794
0.004611911787880015
-0.006096181036281612
-0.005714236405080632
-0.005439423749035849
-0.006712354708274942
-0.007416171634078837
-0.009278985724218087
-0.009070010179586323
-0.00808511400639302
-0.007806831031100889
-0.009526495730968684
-0.008473008788507933
0.0027009814484194286
0.004219938952768966
-0.001230888827279335
-0.0005103295383558295
-0.0024021979965567733
-0.002273235879290282
-0.0015997790072874562
-0.00023069182197828916
0.005970451809996184
0.006174381048213053
0.005249532156109069
0.006722662250566967
0.005403819079780537
-0.0100444567417247
-0.0113146065983321
-0.011750498828976951
-0.010402032432724112
-0.010587275968730171
-0.011789243827887637
0.010670565381434778
0.009791398146620302
-0.00939474621301693
-0.008689380908170103
-0.007990378036927558
-0.00953935189055332
-0.008648458398645295
-0.009857995276065684
0.008710429543129408
0.008661839794211378
0.008043406583828143
-0.002950570401825899
-0.0018257392088440736
-0.0019040210634055994
-0.0010313167448839779
-0.003015758089322168
-0.005025455746346428
-0.004115725352412337
-0.005677261434563708
-0.004106577591329462
-0.0023975514837555503
-0.0008757916096759539
0.0006066186138949891
-0.00022284170009672185
0.0005582325486292476
-0.0010219187762999184
-0.011834640052520292
-0.011392734701712644
-0.01054339714217836
0.0029173962339524226
0.0023308959678878948
0.0019002565809423748
0.006329098730452895
0.005380104213118122
0.0056824015265812605
0.005855157007275373
0.006196356833352536
0.0004053114626470526
0.0009814539381636442
-4.1375074611018294e-05
0.0005676838376807634
0.0009641829609940786
0.0005403662515334757
0.00017284151673249972
0.0008739436953588547
0.0011191277842843989
0.0005480275593368364
0.0010406294684843457
0.0003358014766338117
0.0015589263508473138
0.0001422609653385383
-0.0011563764012303144
-0.0005824163336058905
-0.0011011064601964117
-0.00038690940256531036
-0.001614493609584198
-0.00018138506800719032
-0.0008699544197340501
-0.000470022733846177
-1.8111288735679446e-05
-0.0004489565684033526
6.716220100606412e-05
-0.0009098389482182448
0.006111157900811051
0.0055929685908471275
0.006544429098231093
0.005744030618910338
0.00667096303566687
0.006316663422654346
0.0053866043290385825
-0.006104614914919991
-0.005593695751919331
-0.006535230984721411
-0.005763655783643012
-0.0066639084913759205
-0.006323568533743876
-0.005401847337547512
-0.0025860607913289167
-0.0031654029275732898
-0.0032498772283779277
-0.0026194377793678225
-0.0035570068730051032
0.0025408166632572417
0.003115463676866613
0.003180371514910577
0.00255906380548611
0.0034947816052979443
0.002717598316188103
0.0012672314419912456
0.002715988411331625
0.0018596733560388107
0.0015809442338511088
0.003246775366150291
0.005924245555455795
0.006923043908563047
0.0049867231643400565
0.005969352108849148
0.005039098965517197
0.00680687968206016
0.002703625433559733
0.002035645305126524
0.0011754903954907284
0.0029690897588222397
0.00040708252078847177
0.0017420379348709499
0.0009707811613187206
0.0010108151449809053
0.0018259087211253567
0.008444668911811956
0.008877393085625887
0.007249365217117676
0.006598204922736581
0.008321285287399036
0.007031835746663276
0.011593010144703857
0.011608730782004216
0.010863148404456296
0.010914283537553597
0.010472938769541702
0.009058588793025945
0.008644318766512196
0.00969533123465302
0.008389772549297701
0.009423919271570687
-0.006006720417344006
-0.007734621072430402
-0.006450940740046523
-0.007714661397351304
-0.005827615957936463
-0.003152451727250248
-0.0038121414721413206
-0.003965806566371702
-0.004607043592472717
0.0029158036294875665
0.0023582277689905414
0.003948954895920617
0.0021139890396690763
0.0038401810186924116
0.0033413138908757662
0.00941974857280804
0.010096253876348365
0.00933782174236418
0.010000352188761453
0.00903818113458784
0.00498230750770297
0.006193185872664596
0.004716623264857886
0.008859875550865485
0.0061121375767733445
0.005188485234342313
0.006389230084831308
0.00536859618085548
0.005689699180850152
0.00466858442020494
0.005645954362279569
0.0041539116049184605
0.0052500181871564565
-0.0068765075647961105
-0.007910357771322606
-0.009171228469709138
-0.009838329513352402
-0.009177155826378989
-0.010247713227971626
0.0035451977976684143
0.0015496955713646655
0.0023734026302516453
0.0031217419882171873
0.001965618306671441
0.003814240338207512
0.006827049563624479
0.008119286853790911
0.007405401699552172
0.006769641150524402
0.008028776553639223
-0.004151278122652926
-0.005606321513194205
-0.00486691665192635
-0.004901182552097919
-0.0034508496281711568
-0.002830382377118271
-0.004282605423023583
-0.003081586407696221
-0.0042081779116759505
0.002184922882816451
0.0019451327600152517
0.002999044614596388
0.0024862769343210146
0.004299550868747782
0.0035814764141670593
0.0037459537597532813
0.003031700256644267
0.0030833213454551016
0.008193131431780175
0.007700475990131612
0.007289576512688527
-0.004415853820815414
-0.0036701046774755396
-0.0044316496975629095
-0.0032088590796316516
-0.003753362819365424
-0.0010518475186009776
-0.0017140838459143517
-0.001512893590509765
-0.0021907483397456493
-0.011986928986333184
-0.011888227726974392
-0.010824427813782603
-0.011194177420746786
-0.011268901713274274
0.01220371104873251
0.01136230192614056
0.012022017932674035
0.011151801468092882
-0.0059836561627855485
-0.005071550264705808
-0.005095241048871885
-0.00471873816757469
-0.009870176909484251
-0.009431481278468132
-0.009077722362403184
-0.0005993078193608746
-0.00022468289714774043
0.0004704939825944402
-0.00011075853679063913
0.00032130428032149606
-0.002980183755803101
-0.00236819455663693
-0.0019523990706411514
-0.002644812106230487
-0.003158442352679531
-0.002074072867565093
-0.001643579438649622
-0.002086341933316076
-0.002054729617511038
-0.001557361592154228
-0.002367602451326895
0.001604656624684942
0.002044975622656904
0.002002284525894879
0.0015123390540893549
0.002318338394988679
0.001389764193212385
0.0018299898900682753
0.001427962156583446
0.0019067544659181227
0.001142427563387034
-0.0062551337908999865
-0.007849617653143341
-0.007286360125790688
-0.006539107330138773
-0.007977824053806705
-0.006974579207544042
0.006799096693008868
0.008177770746538573
0.007082759449311788
0.008214558407722176
0.006621267546284296
0.007470191509713388
-0.007093893829268726
-0.00647629607029148
-0.006282736085991668
-0.005417635810868045
-0.006967435479247851
-0.0055701431965637154
-0.005787519062570158
0.01100810863863125
0.010430710097872784
0.009599543970245239
0.010360304534110963
0.009422557892836657
0.006003115104985524
0.00497719914319754
0.004532228138858444
0.005332389023219599
0.004417164412959421
-0.006897817348043574
-0.007641969087390307
-0.007135912388440615
-0.007342634459522622
-0.0003390293735992841
-0.0005868435690854837
-0.0010926652012282583
-0.00014290567785421072
-0.0011202745992721468
0.007153981634805569
0.006563678391528837
0.0066951700544550475
0.006045292951089783
0.007195658748640792
0.005964916836496365
-0.010862189245025532
-0.01033904774155939
-0.00939963384789997
-0.010579536783825224
-0.009863833203799573
-0.009698874074670042
0.012226691224067462
0.011590574807240872
0.011042535420869427
0.01165048611486576
0.010975460474634435
-0.008567168220141239
-0.00899114732668734
-0.00850107066584237
-0.008012526048908493
-0.008988071498035842
0.008648634249612255
0.009082383166458107
0.008736134527607431
0.008226132070020336
0.007447118319864374
0.008276848815340805
0.007813726450591486
0.0077302604968528775
0.00827611064311426
-0.008147743004948435
-0.00768282194694575
-0.007584783126259297
-0.007236859059712302
-0.008096441163268775
0.009953819281533454
0.009519444412187187
0.009240067419602503
0.009805155798198212
0.009134574131370768
0.013737851974036121
0.013553156406476708
-0.01367397745276508
-0.01347119914118723
-0.008047880326019398
-0.007907943720316146
0.008318701601847639
0.00788199527081885
0.00783531368617713
-0.013084461970637578
-0.013688828385352254
0.0005198405944891233
0.00023584969516976705
0.0014807721924935098
0.00691659496183144
0.006852827845814177
0.005386462631292762
0.005681444927748081
0.004421886954254129
0.004805625116752127
-0.0005839254259841308
-0.0005778804922289129
-0.006121225379888476
-0.007551396527347263
-0.006514753188588194
-0.005006626321709415
-0.005792942173340439
-0.005951667426651465
0.005729585150782403
0.0058919750176001495
0.005740300890906286
0.005578659081870192
-0.005731859694212443
-0.005609036998017121
0.0016680458967282608
0.0016441932356017416
-0.00168318417057374
-0.0016620511890630078
0.013378362760634512
0.013038932097163756
0.012526938379511233
0.012179978189093324
0.012127450736868673
-0.013362065488235616
-0.013265498285407728
-0.012977379792460967
