0.0
0.0
0.0
0.0
0.0
0.0
0.0
0.0
0.0
0.0
0.0
0.0
0.0
0.0
0.0
0.0
0.0
0.0
0.0
0.0
0.0
0.0
0.0
0.0
-261.8749999999995
130.93749999999937
130.93749999999937
-261.8749999999995
0.0
-261.8749999999995
130.93750000000014
130.93750000000014
-261.8749999999995
0.0
0.0
0.0
0.0
0.0
0.0
0.0
0.0
0.0
0.0
0.0
0.0
0.0
0.0
0.0
0.0
0.0
0.0
0.0
-4.263256414560601e-14
-4.263256414560601e-14
-2.842170943040401e-14
-4.263256414560601e-14
0.0
-4.263256414560601e-14
4.263256414560601e-14
-4.263256414560601e-14
0.0
4.263256414560601e-14
0.0
-4.263256414560601e-14
-4.263256414560601e-14
0.0
0.0
0.0
0.0
0.0
0.0
0.0
0.0
0.0
0.0
0.0
0.0
0.0
0.0
-2.842170943040401e-14
0.0
5.684341886080802e-14
0.0
0.0
2.842170943040401e-14
5.684341886080802e-14
0.0
0.0
0.0
0.0
0.0
0.0
0.0
0.0
0.0
0.0
0.0
0.0
0.0
0.0
0.0
0.0
0.0
0.0
0.0
0.0
0.0
0.0
0.0
0.0
0.0
0.0
0.0
0.0
0.0
0.0
0.0
0.0
0.0
0.0
0.0
0.0
0.0
0.0
0.0
0.0
0.0
0.0
0.0
0.0
0.0
0.0
0.0
0.0
0.0
0.0
0.0
0.0
0.0
0.0
0.0
0.0
0.0
0.0
0.0
0.0
0.0
5.684341886080802e-14
2.842170943040401e-14
5.684341886080802e-14
5.684341886080802e-14
0.0
0.0
0.0
0.0
-5.329070518200751e-15
-2.842170943040401e-14
0.0
0.0
5.684341886080802e-14
0.0
0.0
0.0
0.0
5.684341886080802e-14
5.684341886080802e-14
-5.329070518200751e-15
0.0
0.0
0.0
0.0
0.0
0.0
0.0
0.0
0.0
0.0
0.0
0.0
0.0
0.0
0.0
0.0
0.0
0.0
0.0
0.0
0.0
0.0
0.0
0.0
0.0
0.0
0.0
0.0
0.0
0.0
0.0
0.0
0.0
0.0
0.0
0.0
0.0
0.0
0.0
0.0
0.0
0.0
-1.0658141036401503e-14
0.0
0.0
0.0
0.0
0.0
0.0
0.0
0.0
0.0
0.0
0.0
0.0
0.0
0.0
0.0
0.0
0.0
0.0
0.0
0.0
0.0
0.0
0.0
0.0
0.0
0.0
0.0
0.0
0.0
0.0
0.0
0.0
0.0
0.0
0.0
261.8750000000002
261.8750000000002
0.0
0.0
0.0
0.0
0.0
0.0
0.0
0.0
0.0
0.0
0.0
0.0
0.0
0.0
0.0
0.0
0.0
0.0
0.0
0.0
0.0
0.0
0.0
0.0
0.0
0.0
0.0
0.0
0.0
0.0
0.0
0.0
0.0
0.0
0.0
0.0
0.0
0.0
0.0
0.0
0.0
0.0
0.0
0.0
-2.842170943040401e-14
1.7763568394002505e-15
-2.842170943040401e-14
0.0
0.0
5.684341886080802e-14
5.684341886080802e-14
0.0
0.0
0.0
1.7763568394002505e-14
0.0
1.7763568394002505e-14
3.552713678800501e-14
0.0
0.0
0.0
-523.7500000000005
0.0
0.0
261.8749999999995
0.0
0.0
261.8749999999995
0.0
0.0
0.0
0.0
0.0
0.0
0.0
0.0
0.0
0.0
0.0
0.0
0.0
0.0
0.0
0.0
0.0
0.0
-523.7500000000005
0.0
0.0
0.0
0.0
0.0
0.0
0.0
0.0
0.0
0.0
0.0
0.0
0.0
0.0
0.0
0.0
0.0
0.0
0.0
0.0
0.0
0.0
0.0
0.0
0.0
0.0
0.0
0.0
0.0
0.0
0.0
0.0
0.0
0.0
0.0
0.0
0.0
0.0
0.0
0.0
0.0
0.0
0.0
0.0
0.0
0.0
0.0
0.0
0.0
0.0
0.0
0.0
0.0
0.0
0.0
0.0
0.0
0.0
0.0
0.0
0.0
-5.684341886080802e-14
0.0
0.0
0.0
0.0
3.552713678800501e-14
1.7763568394002505e-14
0.0
1.7763568394002505e-14
0.0
0.0
0.0
2.842170943040401e-14
-2.842170943040401e-14
0.0
-5.684341886080802e-14
-2.842170943040401e-14
0.0
0.0
2.842170943040401e-14
0.0
-2.842170943040401e-14
1.7763568394002505e-15
-2.842170943040401e-14
0.0
0.0
5.684341886080802e-14
5.684341886080802e-14
0.0
0.0
0.0
-5.684341886080802e-14
0.0
2.842170943040401e-14
0.0
0.0
0.0
0.0
2.842170943040401e-14
0.0
0.0
-2.842170943040401e-14
-5.684341886080802e-14
0.0
-2.842170943040401e-14
0.0
0.0
0.0
261.8750000000002
261.8750000000002
0.0
0.0
0.0
0.0
0.0
0.0
0.0
0.0
0.0
0.0
0.0
0.0
0.0
0.0
0.0
0.0
0.0
0.0
0.0
0.0
0.0
2.842170943040401e-14
0.0
2.842170943040401e-14
0.0
0.0
0.0
0.0
5.684341886080802e-14
0.0
-2.842170943040401e-14
-5.684341886080802e-14
5.684341886080802e-14
0.0
0.0
0.0
-2.842170943040401e-14
0.0
0.0
0.0
0.0
0.0
0.0
0.0
0.0
0.0
0.0
0.0
0.0
0.0
0.0
0.0
0.0
0.0
0.0
0.0
0.0
0.0
0.0
0.0
0.0
0.0
0.0
0.0
0.0
0.0
0.0
0.0
0.0
0.0
0.0
0.0
0.0
0.0
0.0
0.0
0.0
0.0
0.0
0.0
0.0
0.0
0.0
0.0
0.0
0.0
0.0
0.0
0.0
0.0
0.0
0.0
0.0
0.0
0.0
0.0
0.0
0.0
0.0
0.0
0.0
0.0
0.0
0.0
0.0
0.0
0.0
0.0
0.0
0.0
0.0
0.0
0.0
0.0
-5.684341886080802e-14
0.0
0.0
0.0
0.0
5.684341886080802e-14
0.0
-2.842170943040401e-14
0.0
0.0
0.0
0.0
-2.842170943040401e-14
5.684341886080802e-14
-5.684341886080802e-14
0.0
0.0
0.0
-5.684341886080802e-14
0.0
0.0
0.0
0.0
-5.684341886080802e-14
0.0
-2.842170943040401e-14
2.842170943040401e-14
0.0
0.0
0.0
-5.684341886080802e-14
5.684341886080802e-14
0.0
0.0
0.0
0.0
-5.684341886080802e-14
5.684341886080802e-14
0.0
-5.684341886080802e-14
0.0
0.0
0.0
0.0
0.0
0.0
0.0
0.0
-5.684341886080802e-14
0.0
0.0
0.0
0.0
0.0
0.0
0.0
0.0
-5.684341886080802e-14
0.0
0.0
0.0
0.0
0.0
0.0
0.0
0.0
0.0
0.0
0.0
0.0
0.0
0.0
0.0
0.0
0.0
0.0
0.0
0.0
0.0
0.0
0.0
0.0
0.0
0.0
0.0
0.0
0.0
0.0
0.0
0.0
0.0
0.0
0.0
0.0
0.0
0.0
0.0
0.0
0.0
0.0
0.0
0.0
0.0
0.0
0.0
0.0
0.0
0.0
0.0
0.0
0.0
0.0
0.0
0.0
0.0
0.0
0.0
0.0
0.0
0.0
0.0
0.0
0.0
0.0
0.0
0.0
0.0
0.0
0.0
0.0
0.0
0.0
0.0
0.0
0.0
0.0
0.0
0.0
0.0
0.0
0.0
0.0
0.0
0.0
0.0
0.0
0.0
0.0
0.0
0.0
0.0
0.0
0.0
0.0
0.0
0.0
0.0
0.0
0.0
0.0
0.0
0.0
0.0
0.0
0.0
0.0
0.0
0.0
0.0
0.0
0.0
0.0
0.0
0.0
0.0
0.0
0.0
0.0
0.0
0.0
0.0
0.0
0.0
0.0
0.0
0.0
0.0
0.0
0.0
0.0
0.0
0.0
0.0
0.0
0.0
0.0
0.0
0.0
0.0
0.0
0.0
0.0
0.0
0.0
0.0
0.0
0.0
0.0
0.0
0.0
0.0
0.0
0.0
0.0
0.0
0.0
0.0
0.0
0.0
0.0
0.0
-2.842170943040401e-14
2.842170943040401e-14
-3.552713678800501e-14
0.0
-2.842170943040401e-14
0.0
-2.842170943040401e-14
0.0
0.0
0.0
0.0
0.0
0.0
0.0
0.0
0.0
0.0
0.0
0.0
0.0
0.0
0.0
0.0
0.0
0.0
0.0
0.0
0.0
0.0
0.0
0.0
0.0
0.0
0.0
0.0
0.0
0.0
0.0
0.0
0.0
0.0
0.0
0.0
0.0
0.0
0.0
0.0
0.0
0.0
0.0
0.0
0.0
0.0
0.0
0.0
0.0
0.0
0.0
0.0
0.0
0.0
0.0
0.0
0.0
0.0
0.0
0.0
0.0
0.0
0.0
0.0
0.0
0.0
0.0
0.0
0.0
0.0
0.0
0.0
0.0
0.0
0.0
0.0
0.0
0.0
0.0
0.0
0.0
0.0
0.0
0.0
0.0
0.0
0.0
0.0
0.0
0.0
0.0
0.0
0.0
0.0
0.0
0.0
0.0
0.0
0.0
0.0
0.0
0.0
0.0
0.0
0.0
0.0
0.0
0.0
0.0
0.0
0.0
0.0
0.0
0.0
0.0
0.0
0.0
0.0
0.0
0.0
0.0
0.0
0.0
0.0
0.0
0.0
0.0
0.0
0.0
0.0
0.0
0.0
0.0
0.0
0.0
0.0
0.0
0.0
0.0
0.0
0.0
0.0
0.0
0.0
0.0
0.0
0.0
0.0
0.0
0.0
0.0
0.0
0.0
0.0
0.0
1.4210854715202004e-14
0.0
1.4210854715202004e-14
0.0
0.0
0.0
0.0
0.0
0.0
0.0
0.0
0.0
0.0
0.0
0.0
0.0
0.0
0.0
0.0
0.0
0.0
0.0
0.0
0.0
0.0
0.0
0.0
0.0
0.0
0.0
0.0
0.0
0.0
0.0
0.0
0.0
0.0
0.0
0.0
0.0
0.0
0.0
0.0
0.0
0.0
0.0
0.0
0.0
0.0
0.0
0.0
0.0
0.0
0.0
0.0
0.0
0.0
0.0
0.0
0.0
0.0
0.0
0.0
0.0
0.0
0.0
0.0
0.0
0.0
0.0
0.0
0.0
0.0
0.0
0.0
0.0
0.0
0.0
0.0
0.0
0.0
0.0
0.0
0.0
0.0
0.0
0.0
0.0
0.0
-2.453592884421596e-14
3.552713678800501e-15
-2.6645352591003757e-14
3.552713678800501e-15
0.0
-2.855181369110227e-14
4.1300296516055823e-14
2.842170943040401e-14
2.1316282072803006e-14
0.0
0.0
3.552713678800501e-15
2.1316282072803006e-14
3.197442310920451e-14
2.1316282072803006e-14
1.5487611193520934e-14
3.776926688070503e-14
0.0
-523.7499999999998
0.0
0.0
261.87499999999955
0.0
0.0
261.87499999999955
0.0
0.0
0.0
0.0
0.0
0.0
0.0
0.0
0.0
0.0
0.0
0.0
0.0
0.0
0.0
0.0
0.0
0.0
-523.7499999999998
0.0
0.0
0.0
0.0
0.0
0.0
0.0
0.0
0.0
0.0
0.0
0.0
0.0
0.0
0.0
0.0
0.0
0.0
0.0
0.0
0.0
0.0
0.0
0.0
0.0
0.0
0.0
0.0
0.0
0.0
0.0
0.0
0.0
0.0
0.0
0.0
0.0
0.0
0.0
0.0
0.0
0.0
0.0
0.0
0.0
0.0
0.0
0.0
0.0
0.0
0.0
0.0
0.0
0.0
0.0
0.0
0.0
0.0
0.0
0.0
-2.089474426814064e-14
-2.349559620213465e-14
-3.7636560534792807e-14
-3.197442310920451e-14
-9.330183110486945e-15
2.181414771040835e-14
4.6629367034256575e-14
7.105427357601002e-15
1.6653345369377348e-14
0.0
8.043912758104454e-15
-1.1102230246251565e-14
7.105427357601002e-15
7.105427357601002e-15
-2.842170943040401e-14
-4.263256414560601e-14
2.1316282072803006e-14
-3.552713678800501e-15
-4.263256414560601e-14
-2.4868995751603507e-14
-2.842170943040401e-14
-5.062616992290714e-14
-2.842170943040401e-14
-2.1316282072803006e-14
-4.263256414560601e-14
-4.796163466380676e-14
4.263256414560601e-14
1.2434497875801753e-14
-2.842170943040401e-14
4.263256414560601e-14
-4.263256414560601e-14
1.9539925233402755e-14
-7.919012667834124e-15
-4.806390203372646e-15
4.263256414560601e-14
1.865174681370263e-14
6.394884621840902e-14
1.5654144647214707e-14
7.216449660063518e-15
-1.7763568394002505e-14
-4.263256414560601e-14
-1.687538997430238e-14
-2.842170943040401e-14
-1.1546319456101628e-14
-6.217248937900877e-15
-1.4210854715202004e-14
0.0
0.0
0.0
261.8750000000002
261.8750000000002
0.0
0.0
0.0
0.0
0.0
0.0
0.0
0.0
0.0
0.0
0.0
0.0
0.0
0.0
0.0
0.0
0.0
0.0
0.0
0.0
0.0
0.0
0.0
0.0
0.0
0.0
0.0
0.0
0.0
0.0
0.0
0.0
0.0
0.0
0.0
-4.796163466380676e-14
-4.263256414560601e-14
-2.1316282072803006e-14
-2.842170943040401e-14
0.0
4.263256414560601e-14
-2.842170943040401e-14
1.2434497875801753e-14
4.263256414560601e-14
0.0
0.0
0.0
1.6653345369377348e-14
7.105427357601002e-15
4.6629367034256575e-14
2.181414771040835e-14
-9.330183110486945e-15
0.0
-523.7499999999998
0.0
0.0
261.8750000000002
0.0
0.0
261.8750000000002
0.0
0.0
0.0
0.0
0.0
0.0
0.0
0.0
0.0
0.0
0.0
0.0
0.0
0.0
0.0
0.0
0.0
0.0
-523.7499999999998
0.0
0.0
0.0
0.0
0.0
0.0
0.0
0.0
0.0
0.0
0.0
0.0
0.0
0.0
0.0
0.0
0.0
0.0
0.0
0.0
0.0
0.0
0.0
0.0
0.0
0.0
0.0
0.0
0.0
0.0
0.0
0.0
0.0
0.0
0.0
0.0
0.0
0.0
0.0
0.0
0.0
0.0
0.0
0.0
0.0
0.0
0.0
0.0
0.0
0.0
0.0
0.0
0.0
0.0
0.0
0.0
0.0
0.0
0.0
0.0
-4.806390203372646e-15
-7.919012667834124e-15
1.9539925233402755e-14
-4.263256414560601e-14
3.776926688070503e-14
1.5487611193520934e-14
2.1316282072803006e-14
3.197442310920451e-14
2.1316282072803006e-14
3.552713678800501e-15
1.5654144647214707e-14
6.394884621840902e-14
1.865174681370263e-14
4.263256414560601e-14
-1.4210854715202004e-14
-6.217248937900877e-15
-1.1546319456101628e-14
-2.842170943040401e-14
-1.687538997430238e-14
-4.263256414560601e-14
-1.7763568394002505e-14
7.216449660063518e-15
3.552713678800501e-15
-2.6645352591003757e-14
3.552713678800501e-15
-2.453592884421596e-14
2.1316282072803006e-14
2.842170943040401e-14
4.1300296516055823e-14
-2.855181369110227e-14
-3.197442310920451e-14
-3.7636560534792807e-14
-2.349559620213465e-14
-2.089474426814064e-14
7.105427357601002e-15
7.105427357601002e-15
-1.1102230246251565e-14
8.043912758104454e-15
-5.062616992290714e-14
-2.842170943040401e-14
-2.4868995751603507e-14
-4.263256414560601e-14
-3.552713678800501e-15
2.1316282072803006e-14
-4.263256414560601e-14
-2.842170943040401e-14
0.0
0.0
0.0
261.87499999999955
261.87499999999955
0.0
0.0
0.0
0.0
0.0
0.0
0.0
0.0
0.0
0.0
0.0
0.0
0.0
0.0
0.0
0.0
0.0
0.0
0.0
0.0
0.0
0.0
0.0
-5.684341886080802e-14
0.0
0.0
0.0
0.0
0.0
0.0
0.0
0.0
0.0
0.0
0.0
0.0
0.0
0.0
0.0
0.0
0.0
-5.684341886080802e-14
0.0
0.0
0.0
0.0
0.0
0.0
0.0
0.0
-5.684341886080802e-14
0.0
5.684341886080802e-14
0.0
-5.684341886080802e-14
0.0
0.0
5.684341886080802e-14
0.0
0.0
0.0
0.0
0.0
0.0
0.0
0.0
0.0
0.0
0.0
0.0
0.0
0.0
0.0
0.0
0.0
0.0
0.0
0.0
0.0
0.0
0.0
2.842170943040401e-14
0.0
-2.842170943040401e-14
0.0
0.0
0.0
0.0
2.842170943040401e-14
-5.684341886080802e-14
0.0
0.0
0.0
0.0
0.0
0.0
0.0
0.0
0.0
0.0
0.0
0.0
0.0
0.0
0.0
5.684341886080802e-14
0.0
-5.6066262743570405e-15
0.0
-5.684341886080802e-14
0.0
5.684341886080802e-14
1.509903313490213e-14
-2.842170943040401e-14
5.684341886080802e-14
0.0
0.0
5.684341886080802e-14
0.0
2.842170943040401e-14
-5.684341886080802e-14
3.019806626980426e-14
7.105427357601002e-15
0.0
0.0
-2.842170943040401e-14
0.0
-2.1316282072803006e-14
0.0
-5.684341886080802e-14
0.0
-5.684341886080802e-14
-2.842170943040401e-14
0.0
0.0
-1.0658141036401503e-14
5.684341886080802e-14
0.0
-5.684341886080802e-14
5.684341886080802e-14
4.618527782440651e-14
-2.842170943040401e-14
0.0
2.842170943040401e-14
0.0
5.684341886080802e-14
-5.684341886080802e-14
0.0
0.0
5.684341886080802e-14
0.0
0.0
-5.684341886080802e-14
4.7253867485608225e-14
0.0
0.0
0.0
0.0
0.0
0.0
0.0
0.0
0.0
0.0
0.0
0.0
0.0
0.0
0.0
0.0
0.0
0.0
0.0
0.0
0.0
0.0
0.0
0.0
0.0
0.0
0.0
0.0
0.0
0.0
0.0
0.0
0.0
0.0
0.0
0.0
0.0
0.0
0.0
0.0
0.0
0.0
0.0
0.0
0.0
0.0
0.0
0.0
0.0
0.0
0.0
0.0
0.0
0.0
0.0
0.0
0.0
0.0
0.0
0.0
0.0
0.0
0.0
0.0
0.0
0.0
0.0
0.0
0.0
0.0
0.0
0.0
0.0
0.0
0.0
0.0
0.0
0.0
0.0
0.0
0.0
0.0
0.0
0.0
0.0
0.0
0.0
0.0
0.0
0.0
0.0
0.0
0.0
0.0
0.0
0.0
0.0
0.0
0.0
0.0
0.0
0.0
0.0
0.0
0.0
0.0
0.0
0.0
0.0
0.0
0.0
0.0
0.0
0.0
0.0
0.0
0.0
0.0
0.0
0.0
0.0
0.0
0.0
0.0
0.0
0.0
0.0
0.0
0.0
0.0
0.0
0.0
0.0
0.0
0.0
0.0
0.0
0.0
0.0
0.0
0.0
0.0
0.0
0.0
0.0
0.0
0.0
0.0
0.0
0.0
0.0
0.0
0.0
0.0
0.0
0.0
0.0
0.0
0.0
0.0
0.0
0.0
0.0
0.0
0.0
0.0
0.0
0.0
0.0
0.0
0.0
0.0
0.0
0.0
0.0
0.0
0.0
0.0
0.0
0.0
0.0
0.0
0.0
0.0
0.0
0.0
0.0
0.0
0.0
0.0
0.0
0.0
0.0
0.0
0.0
0.0
0.0
0.0
0.0
0.0
0.0
0.0
0.0
0.0
0.0
0.0
0.0
0.0
0.0
0.0
0.0
0.0
0.0
0.0
0.0
0.0
0.0
0.0
0.0
0.0
0.0
0.0
0.0
0.0
0.0
0.0
0.0
0.0
0.0
0.0
0.0
0.0
0.0
0.0
0.0
0.0
0.0
0.0
0.0
0.0
0.0
0.0
0.0
0.0
0.0
0.0
0.0
0.0
0.0
0.0
0.0
0.0
0.0
0.0
0.0
0.0
0.0
0.0
0.0
0.0
0.0
0.0
0.0
0.0
0.0
0.0
0.0
0.0
0.0
0.0
0.0
0.0
0.0
0.0
0.0
0.0
0.0
0.0
0.0
0.0
0.0
0.0
0.0
0.0
0.0
0.0
0.0
0.0
0.0
0.0
0.0
0.0
0.0
0.0
0.0
0.0
0.0
0.0
0.0
0.0
0.0
0.0
0.0
0.0
0.0
0.0
0.0
0.0
0.0
0.0
0.0
0.0
0.0
0.0
0.0
0.0
0.0
0.0
0.0
0.0
0.0
0.0
0.0
0.0
0.0
0.0
0.0
0.0
0.0
0.0
0.0
5.684341886080802e-14
-5.684341886080802e-14
3.1519058196760597e-14
0.0
0.0
0.0
0.0
0.0
0.0
0.0
0.0
0.0
0.0
0.0
0.0
0.0
0.0
0.0
0.0
0.0
5.684341886080802e-14
0.0
-5.684341886080802e-14
0.0
0.0
0.0
-5.684341886080802e-14
5.684341886080802e-14
-3.457471661208304e-17
-3.2131849264649404e-14
5.684341886080802e-14
-5.684341886080802e-14
0.0
0.0
4.7253867485608225e-14
-2.842170943040401e-14
0.0
0.0
2.842170943040401e-14
5.684341886080802e-14
0.0
-5.684341886080802e-14
5.684341886080802e-14
5.684341886080802e-14
-5.684341886080802e-14
-5.684341886080802e-14
0.0
4.618527782440651e-14
-5.684341886080802e-14
5.684341886080802e-14
0.0
0.0
-4.807265696626928e-14
0.0
5.684341886080802e-14
0.0
-5.684341886080802e-14
1.7319479184152442e-14
-2.842170943040401e-14
0.0
5.684341886080802e-14
5.684341886080802e-14
-5.684341886080802e-14
2.842170943040401e-14
2.842170943040401e-14
5.684341886080802e-14
-3.375077994860476e-14
4.263256414560601e-14
-5.684341886080802e-14
0.0
-2.842170943040401e-14
0.0
-2.1316282072803006e-14
0.0
0.0
0.0
0.0
0.0
0.0
0.0
0.0
0.0
0.0
0.0
0.0
0.0
-5.684341886080802e-14
0.0
2.842170943040401e-14
5.684341886080802e-14
-5.684341886080802e-14
5.684341886080802e-14
0.0
2.55351295663786e-15
1.0658141036401503e-14
0.0
0.0
0.0
0.0
0.0
0.0
0.0
0.0
0.0
0.0
0.0
0.0
0.0
0.0
0.0
0.0
0.0
0.0
0.0
5.684341886080802e-14
-2.842170943040401e-14
0.0
0.0
-2.842170943040401e-14
0.0
-5.684341886080802e-14
5.684341886080802e-14
0.0
-1.9761969838327786e-14
2.6645352591003757e-14
0.0
2.842170943040401e-14
2.842170943040401e-14
-1.0658141036401503e-14
2.842170943040401e-14
0.0
0.0
-2.842170943040401e-14
-2.1316282072803006e-14
5.684341886080802e-14
-5.684341886080802e-14
-5.684341886080802e-14
0.0
-6.394884621840902e-14
-2.842170943040401e-14
5.684341886080802e-14
0.0
0.0
2.842170943040401e-14
0.0
2.842170943040401e-14
0.0
2.6645352591003757e-14
5.684341886080802e-14
2.842170943040401e-14
0.0
2.842170943040401e-14
-5.684341886080802e-14
7.105427357601002e-15
0.0
0.0
-5.6066262743570405e-15
5.684341886080802e-14
0.0
0.0
-5.684341886080802e-14
0.0
5.684341886080802e-14
3.019806626980426e-14
1.509903313490213e-14
0.0
0.0
0.0
0.0
0.0
0.0
0.0
0.0
0.0
0.0
0.0
0.0
0.0
0.0
0.0
0.0
-5.684341886080802e-14
5.684341886080802e-14
3.1519058196760597e-14
0.0
0.0
5.684341886080802e-14
-5.684341886080802e-14
-3.2131849264649404e-14
-3.457471661208304e-17
0.0
0.0
0.0
0.0
0.0
0.0
-8.526512829121202e-14
0.0
0.0
-2.842170943040401e-14
-2.1316282072803006e-14
-5.684341886080802e-14
5.684341886080802e-14
5.684341886080802e-14
0.0
6.394884621840902e-14
-2.842170943040401e-14
0.0
5.684341886080802e-14
5.684341886080802e-14
-2.842170943040401e-14
2.842170943040401e-14
2.842170943040401e-14
0.0
-2.842170943040401e-14
-1.4210854715202004e-14
-2.842170943040401e-14
0.0
2.842170943040401e-14
5.684341886080802e-14
4.263256414560601e-14
-5.684341886080802e-14
5.684341886080802e-14
0.0
0.0
-4.807265696626928e-14
0.0
5.684341886080802e-14
0.0
-5.684341886080802e-14
-3.375077994860476e-14
1.7319479184152442e-14
0.0
0.0
0.0
0.0
0.0
0.0
5.684341886080802e-14
0.0
-1.9761969838327786e-14
5.684341886080802e-14
-2.842170943040401e-14
0.0
0.0
-2.842170943040401e-14
-3.019806626980426e-14
0.0
0.0
0.0
0.0
5.684341886080802e-14
0.0
0.0
2.842170943040401e-14
-1.4210854715202004e-14
5.684341886080802e-14
-5.684341886080802e-14
0.0
5.684341886080802e-14
6.394884621840902e-14
-2.842170943040401e-14
0.0
0.0
0.0
0.0
0.0
0.0
0.0
0.0
2.842170943040401e-14
5.684341886080802e-14
-5.684341886080802e-14
5.684341886080802e-14
0.0
-5.684341886080802e-14
-6.394884621840902e-14
2.6645352591003757e-14
0.0
0.0
0.0
0.0
0.0
0.0
0.0
0.0
0.0
0.0
0.0
5.684341886080802e-14
-5.684341886080802e-14
5.684341886080802e-14
0.0
2.55351295663786e-15
0.0
0.0
-5.684341886080802e-14
0.0
2.842170943040401e-14
1.0658141036401503e-14
0.0
0.0
0.0
0.0
0.0
0.0
0.0
0.0
0.0
0.0
0.0
0.0
0.0
0.0
0.0
0.0
0.0
0.0
0.0
0.0
0.0
0.0
0.0
0.0
0.0
0.0
0.0
0.0
0.0
0.0
0.0
0.0
0.0
0.0
0.0
0.0
0.0
0.0
0.0
0.0
0.0
0.0
0.0
0.0
0.0
0.0
0.0
0.0
0.0
0.0
0.0
0.0
0.0
0.0
0.0
0.0
0.0
0.0
0.0
0.0
0.0
0.0
0.0
0.0
0.0
0.0
0.0
0.0
0.0
0.0
0.0
0.0
0.0
0.0
0.0
0.0
0.0
0.0
0.0
0.0
0.0
0.0
0.0
0.0
0.0
0.0
0.0
0.0
0.0
0.0
0.0
0.0
0.0
0.0
0.0
0.0
0.0
0.0
0.0
0.0
0.0
0.0
0.0
0.0
0.0
0.0
0.0
0.0
0.0
0.0
0.0
0.0
0.0
0.0
0.0
0.0
0.0
0.0
0.0
0.0
0.0
0.0
0.0
0.0
0.0
0.0
0.0
0.0
0.0
0.0
0.0
0.0
0.0
0.0
0.0
0.0
0.0
0.0
0.0
0.0
0.0
0.0
0.0
0.0
0.0
0.0
0.0
0.0
0.0
0.0
0.0
0.0
0.0
0.0
0.0
0.0
0.0
0.0
0.0
0.0
0.0
0.0
0.0
0.0
0.0
0.0
0.0
0.0
0.0
0.0
0.0
0.0
0.0
0.0
0.0
0.0
0.0
0.0
0.0
0.0
0.0
0.0
0.0
0.0
0.0
0.0
0.0
0.0
0.0
0.0
0.0
0.0
0.0
0.0
0.0
0.0
0.0
0.0
0.0
0.0
0.0
0.0
0.0
0.0
0.0
0.0
0.0
0.0
0.0
0.0
0.0
0.0
0.0
0.0
0.0
0.0
0.0
0.0
0.0
0.0
0.0
0.0
0.0
0.0
0.0
0.0
0.0
0.0
0.0
0.0
0.0
0.0
0.0
0.0
0.0
0.0
0.0
0.0
0.0
0.0
0.0
0.0
0.0
0.0
0.0
0.0
0.0
0.0
0.0
0.0
0.0
0.0
0.0
0.0
0.0
0.0
0.0
0.0
0.0
0.0
0.0
0.0
0.0
0.0
0.0
0.0
0.0
0.0
0.0
0.0
0.0
0.0
0.0
0.0
0.0
0.0
0.0
0.0
0.0
0.0
0.0
0.0
0.0
0.0
0.0
0.0
0.0
0.0
0.0
0.0
0.0
0.0
0.0
0.0
0.0
0.0
0.0
0.0
0.0
0.0
0.0
0.0
0.0
0.0
0.0
0.0
0.0
0.0
0.0
0.0
0.0
0.0
0.0
0.0
0.0
0.0
0.0
0.0
0.0
0.0
0.0
0.0
0.0
0.0
0.0
0.0
0.0
0.0
0.0
0.0
0.0
0.0
0.0
0.0
0.0
0.0
0.0
0.0
0.0
0.0
0.0
0.0
0.0
0.0
0.0
0.0
0.0
0.0
0.0
0.0
0.0
0.0
0.0
0.0
0.0
0.0
0.0
0.0
0.0
0.0
0.0
0.0
0.0
0.0
0.0
0.0
0.0
0.0
0.0
0.0
0.0
0.0
0.0
0.0
0.0
0.0
0.0
0.0
0.0
0.0
0.0
0.0
0.0
0.0
0.0
0.0
0.0
0.0
0.0
0.0
0.0
0.0
0.0
0.0
0.0
0.0
0.0
0.0
0.0
0.0
0.0
0.0
0.0
0.0
0.0
0.0
0.0
0.0
0.0
0.0
0.0
0.0
0.0
0.0
0.0
0.0
0.0
0.0
0.0
0.0
0.0
0.0
0.0
0.0
0.0
0.0
0.0
0.0
0.0
0.0
0.0
0.0
0.0
0.0
0.0
0.0
0.0
0.0
0.0
0.0
0.0
0.0
0.0
0.0
0.0
0.0
0.0
0.0
0.0
0.0
0.0
0.0
0.0
0.0
0.0
0.0
0.0
0.0
0.0
0.0
0.0
0.0
0.0
0.0
0.0
0.0
0.0
0.0
0.0
0.0
0.0
0.0
0.0
0.0
0.0
0.0
0.0
0.0
0.0
0.0
0.0
0.0
0.0
0.0
0.0
0.0
0.0
0.0
0.0
0.0
0.0
0.0
0.0
0.0
0.0
0.0
0.0
0.0
0.0
0.0
0.0
0.0
0.0
0.0
0.0
0.0
0.0
0.0
0.0
0.0
0.0
0.0
0.0
0.0
0.0
0.0
0.0
0.0
0.0
0.0
0.0
0.0
0.0
0.0
0.0
0.0
0.0
0.0
0.0
0.0
0.0
0.0
0.0
0.0
0.0
0.0
0.0
0.0
0.0
0.0
0.0
0.0
0.0
0.0
0.0
0.0
0.0
0.0
0.0
0.0
0.0
0.0
0.0
0.0
0.0
0.0
0.0
0.0
0.0
0.0
0.0
0.0
0.0
0.0
0.0
0.0
0.0
0.0
0.0
0.0
0.0
0.0
0.0
0.0
0.0
0.0
0.0
0.0
0.0
0.0
0.0
0.0
0.0
0.0
0.0
0.0
0.0
0.0
0.0
0.0
0.0
0.0
0.0
0.0
0.0
0.0
0.0
0.0
0.0
0.0
0.0
0.0
0.0
0.0
0.0
0.0
0.0
0.0
0.0
0.0
0.0
0.0
0.0
0.0
0.0
0.0
0.0
0.0
0.0
0.0
0.0
0.0
0.0
0.0
0.0
0.0
0.0
0.0
0.0
0.0
0.0
0.0
0.0
0.0
0.0
0.0
0.0
0.0
0.0
0.0
0.0
0.0
0.0
0.0
0.0
0.0
0.0
0.0
0.0
0.0
0.0
0.0
0.0
0.0
0.0
0.0
0.0
0.0
0.0
0.0
0.0
-2.842170943040401e-14
-2.842170943040401e-14
0.0
1.8207657603852567e-14
2.842170943040401e-14
0.0
-5.329070518200751e-15
-2.842170943040401e-14
4.263256414560601e-14
3.552713678800501e-14
0.0
0.0
1.0658141036401503e-14
-2.842170943040401e-14
1.4210854715202004e-14
0.0
1.4210854715202004e-14
-1.9539925233402755e-14
0.0
-2.842170943040401e-14
0.0
0.0
1.8207657603852567e-14
2.842170943040401e-14
0.0
-2.842170943040401e-14
-5.329070518200751e-15
-2.842170943040401e-14
0.0
0.0
1.4210854715202004e-14
-1.9539925233402755e-14
2.842170943040401e-14
2.842170943040401e-14
0.0
0.0
1.0658141036401503e-14
0.0
0.0
0.0
0.0
0.0
0.0
0.0
0.0
0.0
0.0
0.0
0.0
0.0
0.0
0.0
0.0
0.0
0.0
0.0
0.0
0.0
0.0
0.0
0.0
0.0
0.0
0.0
0.0
0.0
0.0
0.0
0.0
0.0
0.0
0.0
0.0
0.0
0.0
0.0
0.0
0.0
0.0
0.0
0.0
0.0
0.0
0.0
0.0
0.0
0.0
0.0
0.0
0.0
0.0
0.0
0.0
0.0
0.0
0.0
0.0
0.0
0.0
0.0
0.0
0.0
0.0
0.0
0.0
0.0
0.0
0.0
0.0
0.0
0.0
0.0
0.0
0.0
0.0
0.0
0.0
0.0
0.0
0.0
0.0
0.0
0.0
0.0
0.0
0.0
0.0
0.0
0.0
0.0
0.0
0.0
0.0
0.0
0.0
0.0
0.0
0.0
0.0
0.0
0.0
0.0
0.0
0.0
0.0
0.0
0.0
0.0
0.0
0.0
0.0
0.0
0.0
0.0
0.0
0.0
0.0
0.0
0.0
0.0
0.0
0.0
0.0
0.0
0.0
0.0
0.0
0.0
0.0
0.0
0.0
0.0
0.0
0.0
0.0
0.0
0.0
0.0
0.0
0.0
0.0
0.0
0.0
0.0
0.0
0.0
0.0
0.0
0.0
0.0
0.0
0.0
0.0
0.0
0.0
0.0
0.0
0.0
0.0
0.0
0.0
0.0
0.0
0.0
0.0
0.0
0.0
0.0
0.0
0.0
0.0
0.0
0.0
0.0
0.0
0.0
0.0
0.0
0.0
0.0
0.0
0.0
0.0
0.0
0.0
0.0
0.0
0.0
0.0
0.0
0.0
0.0
0.0
0.0
0.0
0.0
0.0
0.0
0.0
0.0
0.0
0.0
0.0
0.0
0.0
0.0
0.0
0.0
0.0
0.0
0.0
0.0
0.0
0.0
0.0
0.0
0.0
0.0
0.0
0.0
0.0
0.0
0.0
0.0
0.0
0.0
0.0
0.0
0.0
0.0
0.0
0.0
0.0
0.0
0.0
0.0
0.0
0.0
0.0
0.0
0.0
0.0
0.0
0.0
0.0
0.0
0.0
0.0
0.0
0.0
0.0
0.0
0.0
0.0
0.0
0.0
0.0
0.0
0.0
0.0
0.0
0.0
0.0
0.0
0.0
0.0
0.0
0.0
0.0
0.0
0.0
0.0
0.0
0.0
0.0
0.0
0.0
0.0
0.0
0.0
0.0
0.0
0.0
0.0
0.0
0.0
0.0
0.0
0.0
0.0
0.0
0.0
0.0
0.0
0.0
0.0
0.0
0.0
0.0
0.0
0.0
0.0
0.0
0.0
0.0
0.0
0.0
0.0
0.0
0.0
0.0
0.0
0.0
0.0
0.0
0.0
0.0
0.0
0.0
0.0
0.0
0.0
0.0
0.0
0.0
0.0
0.0
0.0
0.0
0.0
0.0
0.0
0.0
0.0
0.0
0.0
0.0
0.0
0.0
0.0
0.0
0.0
0.0
0.0
0.0
0.0
0.0
0.0
0.0
0.0
0.0
0.0
0.0
0.0
0.0
0.0
0.0
0.0
0.0
0.0
0.0
0.0
0.0
0.0
0.0
0.0
0.0
0.0
0.0
0.0
0.0
0.0
0.0
0.0
0.0
0.0
0.0
0.0
0.0
0.0
0.0
0.0
0.0
0.0
0.0
0.0
0.0
0.0
0.0
0.0
0.0
0.0
0.0
0.0
0.0
0.0
0.0
0.0
0.0
0.0
0.0
0.0
0.0
0.0
0.0
0.0
0.0
0.0
0.0
0.0
0.0
0.0
0.0
0.0
0.0
0.0
0.0
0.0
0.0
0.0
0.0
0.0
0.0
0.0
0.0
0.0
0.0
0.0
0.0
0.0
0.0
0.0
0.0
0.0
0.0
0.0
0.0
0.0
0.0
0.0
0.0
0.0
0.0
0.0
0.0
0.0
0.0
0.0
0.0
0.0
0.0
0.0
0.0
0.0
0.0
0.0
0.0
0.0
0.0
0.0
0.0
0.0
0.0
0.0
0.0
0.0
0.0
0.0
0.0
0.0
0.0
0.0
0.0
0.0
0.0
0.0
0.0
0.0
0.0
0.0
0.0
0.0
0.0
0.0
0.0
0.0
0.0
0.0
0.0
0.0
0.0
0.0
0.0
0.0
0.0
0.0
0.0
0.0
0.0
0.0
0.0
0.0
0.0
0.0
0.0
0.0
0.0
0.0
0.0
0.0
0.0
0.0
0.0
0.0
0.0
0.0
0.0
0.0
0.0
0.0
0.0
0.0
0.0
0.0
0.0
0.0
0.0
0.0
0.0
0.0
0.0
0.0
0.0
0.0
0.0
0.0
0.0
0.0
0.0
0.0
0.0
0.0
0.0
0.0
0.0
0.0
0.0
0.0
0.0
0.0
0.0
0.0
0.0
0.0
0.0
0.0
0.0
0.0
0.0
0.0
0.0
0.0
0.0
0.0
0.0
0.0
0.0
0.0
0.0
0.0
0.0
0.0
0.0
0.0
0.0
0.0
0.0
0.0
0.0
0.0
0.0
0.0
0.0
0.0
0.0
0.0
0.0
0.0
0.0
0.0
0.0
0.0
0.0
0.0
0.0
0.0
0.0
0.0
0.0
0.0
0.0
0.0
0.0
0.0
0.0
0.0
0.0
0.0
0.0
0.0
0.0
0.0
0.0
0.0
0.0
0.0
0.0
0.0
0.0
0.0
0.0
0.0
0.0
0.0
0.0
0.0
0.0
0.0
0.0
0.0
0.0
0.0
0.0
0.0
0.0
0.0
0.0
0.0
0.0
0.0
0.0
0.0
0.0
0.0
0.0
0.0
0.0
0.0
0.0
0.0
0.0
0.0
0.0
0.0
0.0
0.0
0.0
0.0
0.0
0.0
0.0
0.0
0.0
0.0
0.0
0.0
0.0
0.0
0.0
0.0
0.0
0.0
0.0
0.0
0.0
0.0
0.0
0.0
0.0
0.0
0.0
0.0
0.0
0.0
0.0
0.0
0.0
0.0
0.0
0.0
0.0
0.0
0.0
0.0
0.0
0.0
0.0
0.0
0.0
0.0
0.0
0.0
0.0
0.0
0.0
0.0
0.0
0.0
0.0
0.0
0.0
0.0
0.0
0.0
0.0
0.0
0.0
0.0
0.0
0.0
1.0658141036401503e-14
2.842170943040401e-14
0.0
0.0
2.842170943040401e-14
0.0
0.0
0.0
0.0
0.0
0.0
0.0
1.0658141036401503e-14
2.842170943040401e-14
0.0
0.0
2.842170943040401e-14
0.0
0.0
0.0
0.0
0.0
0.0
0.0
0.0
0.0
0.0
0.0
0.0
0.0
0.0
0.0
0.0
0.0
0.0
0.0
0.0
0.0
0.0
0.0
0.0
0.0
0.0
0.0
0.0
0.0
0.0
0.0
0.0
0.0
0.0
0.0
0.0
0.0
0.0
0.0
0.0
0.0
0.0
0.0
0.0
0.0
0.0
0.0
0.0
0.0
0.0
0.0
0.0
0.0
0.0
0.0
0.0
0.0
0.0
0.0
0.0
0.0
0.0
0.0
0.0
0.0
0.0
0.0
0.0
0.0
0.0
0.0
0.0
0.0
0.0
0.0
0.0
0.0
0.0
0.0
0.0
0.0
0.0
0.0
0.0
0.0
0.0
0.0
0.0
0.0
0.0
0.0
0.0
0.0
0.0
0.0
0.0
0.0
0.0
0.0
0.0
0.0
0.0
0.0
0.0
0.0
0.0
0.0
0.0
0.0
0.0
0.0
0.0
0.0
0.0
0.0
0.0
0.0
0.0
0.0
0.0
0.0
0.0
0.0
0.0
0.0
0.0
0.0
0.0
0.0
0.0
0.0
0.0
0.0
0.0
0.0
0.0
0.0
0.0
0.0
0.0
0.0
0.0
0.0
0.0
0.0
0.0
0.0
0.0
0.0
0.0
0.0
0.0
0.0
0.0
0.0
0.0
0.0
0.0
0.0
0.0
0.0
0.0
0.0
0.0
0.0
0.0
0.0
0.0
0.0
0.0
0.0
0.0
0.0
0.0
0.0
0.0
0.0
0.0
0.0
0.0
0.0
0.0
0.0
0.0
0.0
0.0
0.0
0.0
0.0
0.0
0.0
0.0
0.0
0.0
0.0
0.0
0.0
0.0
0.0
0.0
0.0
0.0
0.0
0.0
0.0
0.0
0.0
0.0
0.0
0.0
0.0
0.0
0.0
0.0
0.0
0.0
0.0
0.0
0.0
0.0
0.0
0.0
0.0
0.0
0.0
0.0
0.0
0.0
0.0
0.0
0.0
0.0
0.0
0.0
0.0
0.0
0.0
0.0
0.0
0.0
0.0
0.0
0.0
0.0
0.0
0.0
0.0
0.0
0.0
0.0
0.0
0.0
0.0
0.0
0.0
0.0
0.0
0.0
0.0
0.0
0.0
0.0
0.0
0.0
0.0
0.0
0.0
0.0
0.0
0.0
0.0
0.0
0.0
0.0
0.0
0.0
0.0
0.0
0.0
0.0
0.0
0.0
0.0
0.0
0.0
0.0
0.0
0.0
0.0
0.0
0.0
0.0
0.0
0.0
0.0
0.0
0.0
0.0
0.0
0.0
0.0
0.0
0.0
0.0
0.0
0.0
0.0
0.0
0.0
0.0
0.0
0.0
0.0
0.0
0.0
0.0
0.0
0.0
