-0.006278589928498064
-0.005701617743568065
-0.002854452189442994
-0.002169781026542812
-0.002071538968119112
-0.0014228635736154096
0.0013923367821261471
0.0020401599044492917
0.002138212467148175
0.002821765380367421
0.0056618561010514795
0.006241299263681688
0.0062216363192376094
0.00564921850760788
0.0028165104525602978
0.0021341210751282913
0.002036290549943623
0.0013902488016502043
-0.0014229149110038637
-0.0020725859774585634
-0.0021701212281646782
-0.0028547116696198615
-0.005698180261092629
-0.006274635301185338
-0.007690561588034684
0.007618000377268781
0.007623620335970905
-0.007694535840845556
-0.007884304947223067
-0.008229469646838924
0.008166832362321212
0.008171690131920978
-0.008233459150271788
-0.007888377473741161
-0.0069224544730398605
-0.006361797707117246
0.006873665021004435
0.006324721294486473
0.006863042582204398
0.0063045762476672314
-0.006357826105080594
-0.006918503141599699
-0.007374825667729876
-0.007378861681851964
0.0
0.0
0.0
0.0
-1.4438889331171812e-05
-1.5411566522848055e-05
-1.4874364690881833e-05
-1.537894859942047e-05
0.0036785014225034843
-0.003720450939514111
-0.0037180333954556976
0.0036852621733094366
0.0056956796096178765
-0.005747737627270306
-0.0037459398421323463
-0.0018943902394727694
0.0018648329650763993
-0.0037434457277234667
0.0018616235660113484
-0.0018960021520741934
-0.005744347577815675
0.00570518624726713
-0.006208057960683721
-0.002273410168135304
-0.0019782823980378844
0.001946822121596735
0.0022414487922508925
0.006169294628989195
0.006151879647350568
0.002237211987092515
0.001943242101027093
-0.0019809004552672556
-0.0022732632171037184
-0.006204216068250209
-0.006682327561693917
0.0066578528135204556
-0.006998127547826493
-0.005757819449404351
-0.004609751602789018
0.007830162357311057
0.006790081146097294
0.005405880104286659
0.0037129145523455164
0.002128421512573924
0.0009376784932347751
-0.006439513164890492
0.006421290186767147
0.0063818835253673
-0.006327124102174922
-0.0021222098948294687
0.002086075578094706
0.0062739558707382926
0.006286186236678162
0.0020900525774371443
-0.0021215613913149116
-0.006331117898860466
-0.006435581379691843
-0.004293425067661372
-1.3171090150622515e-05
0.0042512610711867614
0.007319894292793327
0.0042592931085993005
-1.5649159614612555e-05
-0.004296049136188993
0.0
0.0
0.0
0.0
0.0
0.0
0.0
0.0
0.0
0.0
0.0
0.0
0.0
0.0
-0.004403902397475355
-0.007640537007557156
-0.006430870927968626
-0.004834657975272038
0.0
0.0
0.0
0.0
0.0
0.0
0.0
0.0
0.0
0.0
0.0
0.0
-0.00440349312934891
-0.00763648340254581
-0.006427084760884978
-0.0048316876027704745
0.0008428433587639074
-0.0009996910347107267
0.0009363835550931009
0.002124672221502781
0.003706243209052032
0.0053973292893875965
0.006782503281599124
-0.0008438024129624717
-0.001883614138995799
-0.0029143103010246963
0.004679459440967945
-0.004747310136485137
-0.0027573478238654197
0.0028450100989985414
0.006649194658852786
-0.006686100200114408
-0.0046125663399733605
-0.005761167992218264
-0.007001946201937039
-0.000996901098938016
0.0008437568172040662
-0.0029121090052017275
-0.0018817393799792797
-0.0008422830517021495
0.002839806311108844
-0.002759405726059712
-0.004744420998655463
0.004687871282414683
-0.0006257081958560169
-0.0008609616919390791
0.0007649127880682015
0.0007695235580500058
0.0022637725745648816
0.002259758124733767
0.004010229291239172
0.0031477702994940314
0.003151950126997926
-0.0022867731027832656
-0.0019227550936445944
-0.0033826885307926173
-0.0034510005103490535
-0.003594090734764106
-4.106943599089221e-07
0.003452531118661248
1.2471737791364822e-06
0.003420715072479461
-0.0035958553856483564
0.005600056873975234
-0.006367700549810044
0.006336892744910924
-0.002113301339164255
0.002099368937038847
0.006317447393881017
0.0021032682744925196
-0.002133449133815526
-0.006371448541869393
0.007577352849700799
0.003080911151823618
-0.007426540677004971
-0.007430775137880316
-0.007865024931218729
-0.00786917487015335
-0.0068715171343468676
-0.006867482608350793
-0.005940569736209717
-0.006495980839623831
0.006835352249487346
0.00746605279942583
0.007472455476223638
0.0068400962431779
-0.007962778828039798
-0.00796683079845302
0.0
0.0014557868504843049
0.001458685202831697
0.004008952658838275
4.598412658731685e-05
4.717292401331501e-05
-0.001593942162096963
-0.0014321576724164891
-0.000249897178566813
0.0002678683783830927
-0.0031641531660945095
0.0043643811084342985
-0.0032448731888123986
-0.004229963693238834
-0.004559309584151305
0.002179547221409899
0.002183502196105933
0.006253988858350872
-0.006306876330968709
-0.0063107825576201124
-0.0021980268611447537
-0.0022781165427823214
0.0062390292857378345
0.0062246768813613
-0.006270967268251604
-0.006267591233485781
0.0032993281197223052
0.007400626813368711
0.007755897595262172
0.00775827011947918
0.007398369880598842
0.008064884933842012
0.00806993817303388
0.0
0.0
0.0
0.0
0.0
0.0
0.0
0.0
0.0
0.004360496678969868
-0.00033483635318606533
-0.0029826554677084547
-0.00207414374125561
-0.0019772209825670603
0.0002863662271695324
-0.0017650570145492646
0.0
0.0
-0.0010308059297731145
-0.006267531028048379
-0.0060846085165910686
-0.0024269070933264
-0.0021916547427264133
-0.0020537567311900806
-0.0018307155577958166
0.001799230098711418
0.002022317411398652
0.0021599873416918995
0.0023942279600107233
0.006044493852159755
0.006229809107737413
0.006210818059052319
0.0060293097279818285
0.00238973932551055
0.0021558695902353982
0.002018509617335054
0.0017960631523684712
-0.0018396371181188026
-0.0020550381796791877
-0.0021918980720678
-0.0024255189949511946
-0.006080885122052927
-0.0062636028799619246
-0.007164032445833874
-0.0062155702388301
0.007126494277755649
0.006183989245410833
-0.007902807178280716
-0.007565348265141912
-0.006352293398509219
-0.00518101753256839
-0.0041737293430022665
0.007908192219610982
0.00791077107401506
0.007417748887292042
0.006074141950755221
0.004553253175349648
0.002903088658834585
0.0015389052240092171
0.00046415564504658576
-0.008074752420102069
-0.008129920352201853
-0.006567010277163054
-0.00638115186240728
0.008148430393496563
0.00654822231029104
0.0063474984162963915
0.008143524596113196
0.0065087578968269074
0.0063237456694566875
-0.00635023872816101
-0.006292342892493669
-0.0021562105948212695
-0.0020878917899656026
0.0020516504634981348
0.002120168874992955
0.006239358158645694
0.006296936188363794
0.006314877764751368
0.0062561917981356074
0.0021242246518424442
0.00205555077453728
-0.0020870003343997938
-0.002155785061438109
-0.00629631415612986
-0.006354225783202456
-0.008125941033636083
-0.006563078187534307
-0.006377208075185752
-0.007291662336690468
-0.004935136333767705
-0.0036473514700760216
-0.0006414848515855099
0.0006181419706759997
0.003607855199308083
0.004890090214081418
0.007234200917419147
0.007238118406502049
0.00489955621305726
0.0036146122611943857
0.0006180643087469891
-0.0006494722392604924
-0.003649585704066256
-0.004938147070242892
-0.007295676504740541
0.0
0.0
0.0
0.0
0.0
0.0
0.0
0.0
0.0
0.0
0.0
0.0
0.0
0.0
0.0
-0.002180017049334609
-0.0061517615257713045
-0.007818235662000485
-0.007456087989170613
-0.006878136244768186
-0.005798793903605354
-0.0027611014318561274
0.0
0.0
0.0
0.0
0.0
0.0
0.0
0.0
0.0
0.0
0.0
0.0
0.0
-0.002180480035700523
-0.006149378442763287
-0.007814170094334525
-0.007452046534532642
-0.0068742142421635705
-0.005795288068817835
-0.002759387513306455
0.00041772602002917384
0.0013689469499162056
-0.0005130092858357295
-0.0014607364315571956
0.0004638073684177296
0.0015363526192325166
0.0028978353100347813
0.00454537617142415
0.006065764619470274
0.007411287695117474
-0.000431589529688427
-0.0013693332353782756
-0.0023949026708576294
-0.0033249069665744918
0.004177145832780702
0.005197003443334605
-0.0042316937480926745
-0.005256740903726172
-0.0032229888632049624
-0.0023199625691636074
0.0032545305946259937
0.002346232613353257
0.006174641443565121
0.007119090804593607
-0.006219129965967941
-0.007167923935995145
-0.004176380817037893
-0.0051841537729303685
-0.006355832121326543
-0.007569263251661602
-0.0014588192404095962
-0.0005110963462496537
0.0013710727095253754
0.00041766927216210667
-0.003322565519891611
-0.0023929165300258636
-0.0013675464208417895
-0.00043048289398351714
0.002342009257637554
0.0032485615925930927
-0.0023218645085223456
-0.003225216052633646
-0.0052535590550715616
-0.004229055010006183
0.00520611304846437
0.004184774918344655
-0.008070729673731687
-0.007906874009909824
0.0
0.007916200210962024
0.00792149171872221
0.0
0.0
0.0
0.0
0.0
0.0
0.0
0.0
0.0
0.0
0.0
-0.002600785864239121
-0.0026024074516389226
-1.4592002280409965e-05
-1.5216865815779935e-05
0.0033761528513062238
-0.0033954090842721577
-0.003396908589358244
0.0033824293866332542
0.0055828502020384045
-0.00563501493019817
-0.0037441587484392936
0.0015863948606846497
-0.0037416736926635043
0.001583809307427868
-0.0016279180530463333
-0.005631792763397188
0.00559539072904131
-0.007447682623649459
-0.006844413779927047
-0.0057480334348790135
-0.006279035278844612
-0.004198448091041506
0.0061592500279756155
0.006675397799947935
0.005580136577691336
0.0037165357845788953
0.00198248230079947
0.0014357048252813984
-0.0020710008186881415
-0.0021763009959819635
0.002139626715786055
0.0020363241532492483
0.006305354310477498
0.006246133780554714
0.006336959483144125
0.002040165182436648
0.0021436996612668076
-0.002175295684718408
-0.002071594305823028
-0.006362645705701595
-0.006358687230209532
-0.003969750485173285
-0.0032915841010539384
-0.005045622158146236
-3.309391097635722e-05
0.0008506977377455249
-0.0008803736860004518
0.003929577804280475
0.004979690020982951
0.003236704691813473
0.006633587154763661
0.006588960417467348
0.003936903552836582
0.003243491402322743
0.00499222849499829
-3.514657187936254e-05
-0.0008798817884040495
0.000852087292865637
-0.00397179721378264
-0.005048629194282601
-0.003293276315697943
-0.0029088688895747734
-0.003099427438587573
-0.0030900576860753057
-0.003134260238427662
-0.0014088274543186015
-0.002782323974499383
-0.001045445158798546
-0.0011926896751441372
-0.0014478908001495452
0.0010806282577602803
0.0010726651813637222
0.00221876675067796
0.001707017729686004
0.0011825103707433313
0.003991097721406182
0.0038736911873703175
0.0033615854399715378
0.0031600050527538434
0.004284039404794114
0.0017139306586255888
0.0027168881344363143
0.0011853227078891864
0.001082835272574988
0.0010747773797367421
-0.0011925119465631237
-0.0010449864048796555
-0.0014474630297120821
-0.0027839600574174777
-0.0014090921708384647
-0.0030920038459197074
-0.0031362188267116593
-0.0029106960209414777
-0.0031013965904406163
-0.006788672646672061
-0.006349551846544453
-0.00478026509628793
-0.005814282271299345
-0.006784752743518104
-0.0063457599934565465
-0.0047773073658885015
-0.005810734111994771
0.0010513914203814432
0.00043209578557162084
0.0004885046436658986
-0.0011247603151715627
-0.0005663570401176393
0.001433382843269779
0.000912242384180936
0.00197903533699418
0.0037097863477871286
0.005571325799481244
0.006150681198408045
-0.0004616652200062528
-0.0009348316973585796
-0.0018887847164510165
-0.0014200736916578586
-0.0032924988015029717
0.005063586339290052
0.004495972974534882
0.004294207529288087
0.004944772353600897
-0.005119068233806523
-0.004548497235682109
-0.0028859362169087544
0.0028800819235627975
0.003163439897618626
0.002562788820816395
0.006667362855438575
-0.004201097781554016
-0.004702725105474776
-0.00575140104185531
-0.005231900734602845
-0.006282557285520195
-0.007451588345764531
-0.006848211458970999
-0.0011118009836179282
-0.0005593723128630917
0.001052653539601547
0.00043230348530836016
0.0009134410818492499
0.00048818480857290835
-0.003290185760319452
-0.0028220610122121647
-0.0018869768921761512
-0.002347037277799692
-0.0014182019914502364
-0.0004603514352672255
-0.0009330521958482957
0.002874763985541605
0.002558151945646884
0.003157704257264125
-0.0028690098111193393
-0.0023489785199409673
-0.002824211794473741
-0.005115993197485184
-0.005228730261670483
-0.004699877108114637
-0.004545743513706451
0.005073544418829645
0.0049531569692169266
0.004301866783255632
0.004504421842336391
-0.0005050755098469657
-0.0006376411606335841
-0.0009346702774627735
-0.0013501381055108402
0.00028968457146374965
0.0009430228327846795
0.0013943872603266697
0.0013988371129285942
0.0009495426244076795
0.000292783129054636
0.0037078330987294398
0.0030890968542387825
0.0010270783782204962
0.0010254035999891383
0.0030833810851307554
0.003701418206490382
0.005981009347299889
0.005934343887102082
0.0021367345484000276
0.0018580315382112722
0.004304010555338539
0.004901329083482311
0.0026851980805368816
0.004907622089224973
0.0043106305571740285
0.0018598161094138602
0.002689504893331115
-0.0030779911655634627
-0.0011521621703943202
-0.0013750037647702656
-0.0034600265506142714
-0.0029653482001474325
-0.003348829569293628
-0.0012095678304805907
-0.000920671833182652
-0.005156378361512459
-0.004692795117719783
-0.0018105712830890344
-0.0017256820313978549
-0.001781891060097254
-0.00196867825167246
-0.004720622089957416
-0.00518967096340967
-0.0024812805795334917
-0.004446023794953366
-0.0029854371640071244
-0.004941822440352921
-0.004036937077395519
-0.002521267302179958
0.0009280960996752483
-0.0009152700841607409
0.0009502012154410886
-0.000971037789997368
-1.1542772631416502e-05
0.0024178809376749558
0.0042575862130484815
0.002909526764606988
0.004839619120845176
0.003958323483867993
0.0023836899133694296
-0.0009139413054878482
0.000930563241466016
-0.0009695659829866327
0.0009525026223423757
-1.0666595152377768e-05
0.004114333511270437
0.0024024640921708786
0.004812638041704925
0.0029004511845949336
0.003946896595821202
0.0023020399044349944
-0.0044486169821750625
-0.0024819047656316276
-0.004944713004286533
-0.002986473556204846
-0.004039110764579855
-0.002522461581722016
0.005269718490838471
0.005404309496316639
0.006094721485371752
0.0060635397533786725
0.006368243964311867
-0.0061072751387121265
-0.006621352215781316
-0.006209381992992401
-0.00645226722258769
0.006089403826580053
0.006577562522854859
0.006197021575703722
0.006412405293343671
0.006298747195176638
-0.001838077086955858
-0.0023902127535990873
-0.0020007884701574753
-0.0022486130940694233
-0.0021233003514197703
0.002328819992002795
0.0018851460563015245
0.002206388967728242
0.0019792017149550785
0.0020900290974845285
0.006057882144245332
0.006570554970566802
0.006157624779137916
0.0063991850713295256
0.001888514524502879
0.0023331643305438132
0.001982855301993149
0.002210546833548747
0.0020939713724179264
-0.0023621992614491355
-0.0019181839637444644
-0.0022419910670238687
-0.002014011520892856
-0.002125324566324166
-0.006110660885218521
-0.00662544150379363
-0.006213055903694599
-0.0064562343906068445
0.003951539754300853
0.0042450887780529625
0.0022219971228177905
-0.007544006179438065
-0.007197698218784363
-0.007381090863011515
-0.007549222138453167
-0.007548452517897567
-0.007201765103763126
-0.007385160832976542
-0.007553359514951396
-0.007860214584457624
-0.007869963121373074
-0.008032848650707082
-0.007741939792402865
-0.007673419155338116
-0.00786442189928592
-0.008036921946703805
-0.007874052851361727
-0.007746070256115826
-0.007677668473024465
-0.007209590837306814
-0.006894803126309121
-0.00681655012048624
-0.006596579994780116
-0.0071959180951207055
-0.007205456192336207
-0.006890654511716555
-0.006812738091537607
-0.006592677924714282
-0.007191668379781149
-0.0068294127955548225
-0.006721534020246428
-0.005177547779151246
-0.0068977116202572925
-0.006999940301262266
-0.005595420340660249
0.007172658429517537
0.006853629110709355
0.006777726311488997
0.006549381951300272
0.007514763148483414
0.007694654264794006
0.007188757199487307
0.007100990815711898
0.007521043155008126
0.007700541643834984
0.007108241508699375
0.007195730579345941
0.007176749222142196
0.006858415853564199
0.006785236372316627
0.006556585770325887
-0.00795173539761624
-0.007380265779926376
-0.007955811101478725
-0.007245431276512344
0.0022397805337048
0.0008201499047487868
0.0019066498679945313
0.002477830551760146
0.0010910297943778613
0.0018485413890259317
0.002482612956009776
0.0019108750878116872
0.0008214651015912046
0.001094064618044892
0.0018519161090273747
0.005978358597219811
0.005933515515685895
0.0021357254187164797
0.003971605639539883
0.0006964970108164323
-0.000586951096510765
0.0002732145475776151
2.4791675957569083e-05
-0.0005859427437130448
0.0006984540883670968
0.00027418137599699235
2.6362594007829997e-05
-0.001116099288429555
-0.0017658854608910619
-0.0021453412260756533
-0.0012226562919886593
-0.0009808843863894077
-0.0020853831671744038
-0.0017310600714427235
-0.0009315710393359488
-0.00017166525416563864
-3.7469810179468784e-05
-0.0005407834349336121
-0.0005439278705997428
0.00017061755105675957
0.00016186488182589275
0.0005431561187752275
0.0004856730461917002
-0.00429801424005313
-0.003852242391022451
-0.0019902951844546126
-0.00257181225554951
-0.0031928984838865736
0.005884966691756563
0.005488910071776555
0.002712200239086518
0.004149037062325112
0.0037255836364688466
-0.0020717942797068506
-0.0039206643970844885
-0.004339236677941214
-0.0027125849173150474
-0.0032492817833395214
-0.006406603436181125
-0.002066974436571641
-0.00571491036427109
-0.0019806566807884537
-0.00400904096179177
-0.003725749802586102
-0.005627969077794507
-0.006345496580892843
-0.0026421018292467346
-0.005752648730351391
-0.003904258402217841
-0.00526460251468607
0.0024508623842928574
0.0018666082001769504
0.0020383326499440447
0.0024479771138026865
0.0021274455005244157
0.0018698770742248676
0.0024553915793695136
0.0020419466224041263
0.002452450215304225
0.0021313372566434466
0.006230671540103889
0.0062077747629242265
0.0063115226607203204
0.006266049542477437
0.006269672792383953
-0.006283562890095119
-0.006260377982557921
-0.006319110797103026
-0.0063647333683723144
-0.006322188823751028
-0.006287502698896383
-0.0062642240521705445
-0.006368645889502965
-0.006323092454445923
-0.006326014929200682
-0.002470232259293045
-0.0018955102318852994
-0.0020550375778210276
-0.0024424978006402573
-0.0021564356195299794
-0.0025181255654205177
-0.0021352121223325235
-0.002484005668882106
-0.002214819655363481
0.005983699622876639
0.0060197704009169765
0.006400005174246617
0.006282796947564681
0.00651212349909154
0.005964656893187674
0.006007098646274775
0.006389240737000776
0.006265112787004183
0.0065021540557515895
-0.006014224726221202
-0.006054601999003221
-0.006432045630236904
-0.006314143919320389
-0.006545247377557354
-0.006010989864059296
-0.006051270192178427
-0.0064285209714796746
-0.006310662740892576
-0.006541587852537746
0.003649098998163456
0.004325398118680567
0.002354965210014639
0.004516709500874659
0.0018876611100431978
0.0074696968747410795
0.007176006013332503
0.007332928302882323
0.007527596726456735
0.007170470479062998
0.00771643625620346
0.007940034498317632
0.007818087848755775
0.007629782615577302
0.007720202264415422
0.007943451314161583
0.007819332189161558
0.007630630121371801
0.0075869139692817545
0.007727124091986437
0.007467044140462614
0.007171035687952084
0.007331298024221905
0.007526867895380068
0.0071672486607671365
0.007428523879024126
0.007584679895654297
0.007811270940490868
0.007924776832255903
0.007816893944406836
0.007928992846604952
0.002255914296025418
0.0019436540020627972
-0.0006504453435389567
-0.0003208001603203979
0.0004458624088834582
0.0006258825315405625
0.0012424295312429541
0.0014874099709152292
0.0020069351583001846
0.0020066132678083167
0.001244368629564574
0.001489323921017336
0.00044722323191468414
0.000627027744920524
-0.00039449068638430703
-0.00021097737811654098
0.005880240487824539
0.0027101258967153897
0.005483118892342995
0.003721601665002186
0.004146395464370996
-0.0002086647874571845
-5.104142949093284e-05
-0.0005982061205327597
-0.0005169193017378351
7.245575031353278e-07
-0.0002062154691835971
-0.001739375649009209
-0.003465031753104839
-0.0018279730473928283
-0.004389029091269478
-0.0035814097646769192
-0.002783790046128885
-0.001357777678999953
-0.002487455567695648
-0.002089641360780304
-0.0017741744720734974
-0.00271105681481704
-0.0012421894089800563
-0.002429731665378811
-0.0019289502281829528
-0.0016744708537753232
0.0001912012469515167
0.0005547275897628306
0.00017341263593987792
0.000495475260019125
3.157878206512753e-05
-0.0015977103007010504
-0.0017923578200577147
-0.0014560141527818066
-0.0019342020898458951
-0.002024777409480661
-0.000657528898402277
-0.00016096737377734336
-0.0006570314050004217
-0.00016037920295892475
-0.0013722305212643393
-0.0009933713978834495
-0.000843002684298992
-0.0012234987059137985
-0.0007246326043495847
-0.006277424188509576
-0.006160004560171792
-0.0025761560619010967
-0.002222208296743516
-0.002067888502999066
-0.0019200699852382067
0.0016531654718790973
0.001994659446218333
0.002143737651902447
0.002302553445343913
0.005916687714789141
0.006208312668767589
0.006220594992135304
0.006104198454726813
0.002537859061982129
0.002186271986058921
0.0020326123045133703
0.001885184390650412
-0.0017034602112352302
-0.002027788089282702
-0.0021756580566832805
-0.0023342470585560977
-0.005953755054928604
-0.006242694608929637
-0.007416187605851869
-0.006448392127047161
0.007370504634185998
0.006420422407422205
-0.00788877056115031
-0.007883511565036621
-0.006665887139991674
-0.005468392400120402
-0.004391299961590505
0.00801227711851757
0.007850342050997978
0.007775833357207911
0.006422461144992319
0.004978758604106046
0.003303016856187161
0.0018343499219929777
0.0007019975865512962
-0.008147754883222549
-0.0082089005230962
-0.006686098011808989
-0.0064043474024103545
0.008166783149829947
0.006660053158502399
0.006375844403908842
0.00816191544092402
0.006626908179963133
0.0063468607181325345
-0.006356738820556853
-0.006309147025078878
-0.0021666695361857325
-0.0021037822317646355
0.0020407490238078204
0.002104617672665293
0.006227418368281969
0.006286828928322999
0.006323144206490888
0.00627038703670932
0.0021347317864316147
0.002071547226190119
-0.002076049792811326
-0.0021401743812824218
-0.006284310641857361
-0.0063440623266993
-0.008204916617567906
-0.0066821501029335865
-0.006400414064655232
-0.007355468222715652
-0.005281162225831165
-0.00397487049341701
-0.0009804161212479954
0.00029822170014578823
0.003255362578499358
0.004567687515512639
0.007112317321244205
0.007300848259548177
0.00524487639691528
0.003941432037435021
0.0009649782409732558
-0.0003283262166315045
-0.003295534842285125
-0.004614060664784929
-0.0071739543020652415
0.0
0.0
0.0
0.0
0.0
0.0
0.0
0.0
0.0
0.0
0.0
0.0
0.0
0.0
0.0
-0.0010870253651129988
-0.005275220075668488
-0.007870534999103033
-0.0075413477830249195
-0.007118034873350734
-0.006137481443794504
-0.003923250644656143
0.0
0.0
0.0
0.0
0.0
0.0
0.0
0.0
0.0
0.0
0.0
0.0
0.0
-0.0010872956557069868
-0.0052738546199209806
-0.007866464824560425
-0.007537301087041352
-0.00711405830313241
-0.006133814649715336
-0.003920825720345251
0.00020200732412729744
0.0011105766397157917
-0.00026472243821235085
-0.0012339832061774615
0.00022489612789529693
0.0012384547935557853
0.0025080998764527517
0.004123129201827737
0.005728716489235546
0.0070844428040362385
-0.00022375262924350362
-0.0011082092959117554
-0.0021390223725152994
-0.003118324510240049
0.00392687527020733
0.004939953797706309
-0.003974895524007037
-0.00500368414984798
-0.0034676256749814165
-0.002536001785656357
0.003467821660680062
0.0025917304984493738
0.005937039054018004
0.006881321556640896
-0.005985267841678425
-0.006924201388622142
-0.003960333669426034
-0.004898030010220231
-0.006054771662873421
-0.007275736663784434
-0.001679258235466758
-0.0007563321829848183
0.001621263650826985
0.0006322007120699963
-0.003531867447866761
-0.0026508982266141715
-0.0016257489280923723
-0.0006370905927049737
0.002101559607246383
0.00304125110995129
-0.002108798706508942
-0.0029883199917849585
-0.005501949439562574
-0.004486982572571768
0.005458728081241062
0.004436536017158248
-0.008010832039034773
-0.007931609383447452
0.0
0.00800163897352661
0.00800679744011543
0.0
0.0
0.0
0.0
0.0
0.0
0.0
0.0
0.0
0.0
0.0
-0.006246586637179355
-0.005957381306730827
-0.002334767257719455
-0.0021753432002041572
-0.002026111707767679
-0.001684569416721131
0.001888596471159944
0.002036465883655618
0.0021904308859368913
0.0025426060780627422
0.006120707741324729
0.00624002107182272
0.006190082478013558
0.005902882547157417
0.0022982207309874855
0.00213964090174304
0.001990938651275636
0.0016503922463915245
-0.0019244417075932464
-0.0020689923388892873
-0.002222321221963386
-0.0025734559914491716
-0.006156215221634105
-0.006273476030146894
-0.006920360708507813
-0.005981789810990072
0.006889421926720913
0.005946510967220119
-0.007927549733192332
-0.007271867770471662
-0.0060513404095255486
-0.004895097663530786
-0.003957762280686105
0.007849011210971589
0.008016041047472012
0.007091527083821761
0.005737309664917594
0.004130463270988084
0.0025126263784001532
0.0012403833123094657
0.00022480098604434442
-0.008014869363223693
-0.007980629912004785
-0.006490623417828468
-0.006367763563012334
0.00811675169365555
0.006473785819196686
0.006331572429786552
0.008111785593563634
0.0064327785605846986
0.006310420519591581
-0.006340069344994609
-0.00628035125502212
-0.002140700522340375
-0.0020770554682498364
0.0020676135562700025
0.0021306512784905044
0.006256080028611603
0.006303412956936869
0.00630211488448045
0.00624625916352588
0.00210863517862576
0.0020446250668329437
-0.002103027276847621
-0.0021663061079286025
-0.0063131312629668415
-0.006360715383174446
-0.00797665204442877
-0.00648669581648183
-0.00636380222491297
-0.007169970767246463
-0.004611243062367298
-0.0032934575560472994
-0.0003239729936851179
0.0009640453200297074
0.003934040995970258
0.005234438218371413
0.00729897163058521
0.007118664804906749
0.0045763918844836365
0.003261443911843248
0.0002970671883011741
-0.000996567927793476
-0.003977293155872317
-0.005284376001520621
-0.007359497580252038
0.0
0.0
0.0
0.0
0.0
0.0
0.0
0.0
0.0
0.0
0.0
0.0
0.0
0.0
0.0
-0.00328445009450237
-0.007026661119152632
-0.007737910652570542
-0.007398902893964466
-0.006652672745207188
-0.005378011099404886
-0.0014229446459513187
0.0
0.0
0.0
0.0
0.0
0.0
0.0
0.0
0.0
0.0
0.0
0.0
0.0
-0.0032847960359660726
-0.007023361520536527
-0.0077338507795629745
-0.007394865449251305
-0.0066488136476639
-0.005374730571231363
-0.0014220593315460207
0.0006317740533013843
0.001618575588325275
-0.000758706864182481
-0.0016808864712557965
0.0007011842652542267
0.0018312089041696187
0.0032970552142895437
0.004970485419712884
0.006414405773853804
0.007770119548699729
-0.0006384303457145388
-0.0016275875790179037
-0.002653009094369889
-0.0035342832733447497
0.004428494996576748
0.005449356378445981
-0.0044897403090411615
-0.0055052395256869795
-0.002986183400574218
-0.002107024471165069
0.0030468276494325735
0.0021052782295180976
0.006411336943201404
0.007363925283269682
-0.006452032211532267
-0.0074201215171858775
-0.004394031758387607
-0.005471650538785233
-0.00666961759476919
-0.007887465438961357
-0.001231623456556987
-0.00026326812785586043
0.0011121078688160484
0.0002014802199150808
-0.0031160550454870134
-0.00213710581194329
-0.001106533382579793
-0.00022292642950984398
0.002587009841265676
0.003461458650596423
-0.0025379825837102744
-0.0034699461389513034
-0.005000626153868913
-0.0039723723954326684
0.004948725104273776
0.003934072838554414
-0.008143749754307776
-0.00789284040535239
0.0
0.007798127227831403
0.007803571879005949
0.0
0.0
0.0
0.0
0.0
0.0
0.0
0.0
0.0
0.0
0.0
-0.002171964602858246
-0.0020731941931029473
0.002036933808289283
0.002135887859181614
0.00630797071340544
0.006329207073376521
0.006244340663715007
0.002139972638107533
0.002040794467162723
-0.0020722300693864657
-0.002171573759354586
-0.006365301732355065
-0.007855434498605537
-0.006361334890354571
-0.005442785497311638
-0.00306115421737347
-0.0011921300980627073
0.0011596298576392397
0.003021609866782076
0.005392541646450037
0.006807463493018304
0.00684558483653211
0.005404605309587067
0.0030273933600540137
0.0011612401705887213
-0.0011922575296643737
-0.0030632142137635558
-0.0054460905777126
-0.007095069313923568
-0.007091094553874024
-0.007859384100581545
-0.0040609212812890315
-0.0013103751727934884
-0.001303476095389414
-0.0026020115711217155
-0.004063455755544461
-0.0013111916433946557
-0.0013042899743684157
-0.0026036293171063886
-1.905955584402299e-05
-1.0187632645790934e-05
0.00020086209742044416
-0.00022597605537724933
-1.984063247357146e-05
-1.0715261623187109e-05
-0.00022684276539056272
0.00020050160646857394
0.0031584533011349836
0.003546117189435231
0.003470538010507936
0.0033058066058256276
-0.003180934817431523
-0.0035699781487837107
-0.0035029184186196965
-0.003307751212892718
-0.003185312714618475
-0.0035689978697282802
-0.003502635445173991
-0.0033088640318526584
0.0031643390253535187
0.003552677030312261
0.0034770174347710184
0.00331191548837197
0.0055676899828239305
0.005629533385382571
0.00538640905786926
-0.005619503737671124
-0.0056818471571476
-0.0054417467305896815
-0.0037382520445751436
-0.0037459598569021912
-0.003530423302525759
-0.003963410867519695
0.0014736427266244217
0.0017180994186372154
0.0014710683151830401
-0.003735785660676463
-0.003743467952036492
-0.003960841201589086
-0.0035280120694959607
0.0014713380811811631
0.0017152083615723562
0.0014687417654904277
-0.0015123739096523526
-0.0017574771075870052
-0.0015321900599530828
-0.005616295413680709
-0.0056785588144173706
-0.005438535964380114
0.005582070792408024
0.005640459606604683
0.005396803772124054
-0.007629884507917279
-0.007224385073378779
-0.007322216923405914
-0.007530983956483216
-0.007773131767590511
-0.0067645614135199116
-0.006918720198703254
-0.007036952381441511
-0.0066122313817014835
-0.007140977376544928
-0.005744896758886492
-0.0057539225351541864
-0.005992340711700274
-0.0054968875177915655
-0.006501266081890784
-0.006029628079954264
-0.006244340898258103
-0.006316094072929652
-0.00655752526987175
-0.006009297154485157
-0.003968251079748451
-0.004415527345547462
-0.004184217183303688
-0.004213820043714755
-0.003965097701201905
0.005916518033712067
0.0064400750391173725
0.0061736972367028254
0.006130304614726387
0.006657227156801968
0.006714799288266316
0.006420860750391642
0.0064294287253459734
0.005650975208172614
0.005492959459489484
0.00581471218661225
0.005376795435972757
0.005874683878020325
0.003705139044628483
0.0037201981839238584
0.0034704171183062823
0.003960524826121229
0.0019164900855124741
0.002058822752613186
0.0017671934056373176
0.002177572543354778
0.001657903259460283
0.0011996485668866923
0.0014814071691244255
0.0013995178776877943
0.001707032742948051
-0.0020300608408513558
-0.002101514820844055
-0.0020587749565128865
-0.0020845870917624103
-0.002220219929952397
-0.0021440909877683996
-0.0021887121297994383
-0.002160984500171125
0.0021827272637689192
0.002108167046882208
0.0021522744837344913
0.002124889355060506
0.001995351272521095
0.0020659478825590994
0.002022875812219885
0.0020486332287908203
0.0063348190294559605
0.00628648988040358
0.0063189208542422035
0.006299787724988327
0.0062116161067519
0.006270777202569127
0.006234009335606651
0.0062551500713689135
0.006375708361363101
0.006307420238746736
0.006345893796627642
0.006320850457216457
0.0019990780663379456
0.0020698690612300542
0.002026687995617576
0.0020525166414250367
0.0021868732498033024
0.002112183507981888
0.002156377817566348
0.002128945093773863
-0.0022186130294542363
-0.0021437129178111768
-0.0021880358839010557
-0.002160522125944464
-0.0020305118582681562
-0.0021013297540294676
-0.002058132410617914
-0.002083968107408206
-0.00639223208409123
-0.0063437021898543385
-0.006376288304925858
-0.006357072948442379
-0.006339708628108518
-0.006388294443652735
-0.006353086068918582
-0.0063723485400251035
-0.003836540655440135
-0.004122429501331195
-0.0038155957557111523
-0.004107305349525203
-0.0036818713397042914
-0.0027646402017120625
-0.0038183996917241854
-0.0028918840307259564
-0.003458279666964753
-0.0055870212586624736
-0.004600246551342011
-0.005541106771288031
-0.005010245988893381
-3.028569026947985e-05
-2.7248348628330754e-05
0.0002043279354521082
-0.00027746073157421916
0.0013844458944426612
0.0003700656235836093
0.001295529288129475
0.0007494472332299247
-0.0014176404918086096
-0.00039742082010468463
-0.0013302653529412463
-0.0007780238893092328
0.003798947760954909
0.004080347229115801
0.0037778340682767327
0.004061815175519007
0.0036501024857862356
0.005519729652972316
0.004544384807124347
0.005484445919507683
0.00495826751517324
0.002714613286638427
0.00376667604372677
0.0028481030443040026
0.0034136359325244586
0.006466667774469334
0.006903989113423081
0.006638114549904639
0.006919797661849914
0.006409982657129069
0.006883764220003535
0.0065864954593851935
0.006887361016253984
0.003805972995014745
0.004088012670444615
0.0037849029184427916
0.004069320458800841
0.003656893345404054
0.0027202492291001487
0.0037743831787665143
0.002853718812521763
0.003420330909540971
0.0055353736084473104
0.004554307503918964
0.005498013343168729
0.004969094270172388
-3.164647229288958e-05
-3.0014193943975806e-05
-0.0002798565378706618
0.00020345041656862157
-0.0014152949198872383
-0.00039902406392608507
-0.0013276791785442913
-0.0007803313801605756
0.0013870104481747561
0.000369996809772375
0.0012976818998626674
0.0007501234315471605
-0.0038384944100512313
-0.004124789195337695
-0.003817369328893871
-0.00410971527963187
-0.0036828922607809443
-0.005590407814375625
-0.0046029785574483876
-0.005544466395624111
-0.005013265711930438
-0.0027656335709910548
-0.003820607226995516
-0.0028934007311122167
-0.0034603347863023195
-0.004480810515917084
-0.001436484756101425
-0.004635333945448517
-0.0013564167147659487
-0.002722736644152454
-0.004719074493186457
-0.0015020355188549745
-0.004697363970193425
-0.0015432607252238353
-0.003032445751000579
-0.004624174709939834
-0.0015585909258501464
-0.004682933709962673
-0.0015233655297731134
-0.0047205018447871675
-0.0015651296454603793
-0.0047082685557877264
-0.0015610590412978341
-0.0031286360582930997
-0.003124498562761617
-0.0017882990376450654
-0.0009373090144626884
-0.0006926666016155843
-0.004395177035944507
-0.0013829993614063946
-0.0014432598314829562
-0.0029890662883316718
-0.0014655399722447616
-0.0006046410762958488
-0.0015956042457720182
-0.0004973320001183078
-0.001707485307834029
-0.0006529800876520797
-0.0017066089763432442
-0.0006216662256394114
-0.0012275193470790973
-0.0018815137065237553
-0.0008613739822200681
-0.0017644858562861014
-0.0017186164269643416
-0.0012108357702324385
-0.001267271410590091
0.0015792455679247324
0.000592044158250415
0.001582177493873157
0.0015856456344946334
0.000539287382331481
0.0015739671551798738
0.000554051767126052
0.0010791948611911688
0.003649143746310645
0.0010999572625810434
0.001057488138709762
0.0020570472441943937
0.0011740044948557813
0.0018470752655136624
0.0016256279849035857
0.0007232875344410665
0.0017065441755964314
0.0005920934229175226
0.0011008712038229295
0.0013764488815858097
0.005296249944487541
0.0024488772560979886
0.005119222129335141
0.005123378759952717
0.0023828991542863597
0.0050732844457952305
0.003800286738998126
0.004738214511823427
0.001888586194907608
0.004896218006419011
0.0016962982562919813
0.00453947927241082
0.0017891844789362456
0.0048575753512639895
0.001453555817506883
0.00557206382047389
0.0025400758788170718
0.005157766987032019
0.005152777033319687
0.0036839208240013513
0.00362977783383408
0.002060231660778156
0.00118594365917334
0.0018508990845719211
0.004392861003831365
0.0012717616441154595
0.0014861178281902216
0.0031314826835636984
0.0016288634301368458
0.0007266685126003466
0.0017100917276405747
0.0005935273833565073
0.0013806553698266822
0.0015823477264927453
0.0005932962965474999
0.0015852353950079998
0.0015887434665067483
0.0005403689791771486
0.00157700089181935
0.0005551639360801739
0.0011031306775857053
0.0010813229071489575
-0.001707263622205898
-0.000652844393025648
-0.001706293310982417
-0.0006216143414709683
-0.0014648038549328918
-0.0006044203804726346
-0.001594920747015702
-0.0004971038730674326
-0.001880946394288661
-0.0008611248057193399
-0.0017179983217053196
-0.001764061147045393
-0.0012669821635956223
-0.0012103984295884298
-0.004397838639354726
-0.0013837623965841873
-0.0014441114664414706
-0.0017883430863320042
-0.0009376390160149446
-0.0006927632138326204
-0.00122750299458725
-0.004627111435816557
-0.00155957091609689
-0.004685887338189196
-0.0015243248953215047
-0.0029909103984687804
-0.004723415612693608
-0.0015661085836127587
-0.004711225016799963
-0.0015620262515108816
-0.003126461359974693
-0.004483616819221794
-0.0014373889620367375
-0.004638248291057558
-0.0013572664831887553
-0.002724439423835427
-0.004722113580224061
-0.0015029877874419032
-0.004700337999628267
-0.0015442564724618038
-0.0031306156189890343
-0.0030343589335746876
-0.006902327401361182
-0.006615209503658687
-0.006693912213290301
-0.007027973186400805
-0.006850115162931764
-0.0063726242726752065
-0.006368776271708598
-0.006525209350282921
-0.006088881473317704
-0.006568650173760448
-0.005223696677634935
-0.004674786666998204
-0.005735500667941304
-0.0037587427066045945
-0.0038087864521578886
-0.006214125146061848
-0.005311511434759361
-0.006020100863944937
-0.005752122593408182
-0.006109842622608856
-0.005405044346292558
-0.006898371028874741
-0.006611354806217939
-0.006689988748691036
-0.007024006256158834
-0.006846197122596087
-0.00636877852776726
-0.006365005856060657
-0.006521321892447621
-0.006085227782574269
-0.006564788154966696
-0.00522045026164926
-0.004671906545645396
-0.00573195404910487
-0.00375641557933951
-0.0038064210150656583
-0.006210338963510378
-0.0053082615782910555
-0.006016404147985244
-0.005748633821918246
-0.0061061514683372915
-0.005401721719949824
0.0011883650041232257
0.0009446999289738515
0.0008615112552628615
0.0012107895692911395
0.0013267556162584856
0.00021359072616357834
0.0006450210218971758
0.0004207835757106615
0.00044723996134734314
0.00020611967216341761
0.000254932877296148
0.0006865719404505545
0.000550658498913495
0.0004427822386947492
0.00022237912736803323
0.0007656738161969082
-0.0012389288092097012
-0.0010496360169568722
-0.0009171592362565239
-0.001296238948280271
-0.0013856235269623731
-0.00030905621007474264
-0.0007941310507951516
-0.0006065085265453653
-0.0005357087539981906
-0.00029373921286731443
-0.0008460837283156841
0.0016551006283625476
0.001197811997777637
0.0013972965986463139
0.0014789600961782415
0.0008849376545054008
0.0009331678046095143
0.001139712478757037
0.0006866705564053422
0.0006668714161915987
0.0011683700428334496
0.0019131982483774198
0.0020552195982933247
0.0017642048176543083
0.0021737170117954513
0.001704150215877361
0.0036983688911473717
0.003713489685437047
0.003953329383662274
0.003464082452171776
0.005641813341537108
0.005484328602947382
0.005806035575075618
0.005367822815622251
0.005907552954254564
0.006431971397760151
0.0061219692695185365
0.006164812738804667
0.005865932728869442
-0.000247961574535762
-0.0006629158831931391
-0.0004851385640290688
-0.00044282232623902386
-0.00023611990325067374
-0.0009670968577601261
-0.0008982214259415066
-0.0007257986215146832
-0.0011472724282298623
-0.0006946286958414493
-0.0018929461080951185
-0.00188542707943086
-0.0016699734245872876
-0.00211120270940006
-0.0012061713076565487
-0.0016446105492474792
-0.0014408478678112427
-0.0013973459292647083
-0.0011782921398008177
-0.0016577720603260892
-0.0035010566485418255
-0.003093835860314078
-0.003313667450235937
-0.003263195050668688
-0.0035203462947306727
0.0052978245409642626
0.004863322382486256
0.004990173465876437
0.005129618620791009
0.005335796110077172
0.004381532983006056
0.004595058944834675
0.004684053336845035
0.00432794270263567
0.004212353246611223
0.004780827449190882
0.004036615256312075
0.0045059021039694286
0.004397272174173316
0.004223940818585102
0.003988177961201286
0.005138488078954322
0.004795124787821306
0.004768898681102824
0.005084859409448406
0.005265367477933349
0.004617552181063062
-0.005350664336014291
-0.004923204108760211
-0.005042325627335158
-0.005187703674721585
-0.00539004857679367
-0.004429452732509825
-0.004653605865183883
-0.004734514357082883
-0.004381920530823545
-0.004260667539807194
-0.0048358217847133894
-0.0029123058646589647
-0.0028310012076405576
-0.003061677113943128
-0.0031272919747780746
0.0028851262099225754
0.002859026441635384
0.0030810295547701325
0.0031207762614741635
0.0034013568228962844
0.0029777354515875746
0.003057861767993036
0.0032277371248031375
0.003450206411280028
0.002373529257985197
0.002714929881381754
0.0027122661730601114
0.002443971090244022
0.002266837742211089
0.002865078805843964
0.006707005089763235
0.006648898466316921
0.006412196151684109
0.006421096803189738
-0.0039707975612907976
-0.004418264361791178
-0.004216460924600633
-0.0041868681686597015
-0.003967659937248904
-0.004727286684878931
-0.004669329602852855
-0.004469588165397278
-0.004938808904359125
-0.004446415142433612
-0.005748277189847153
-0.005757276873119932
-0.005500170498501316
-0.005995798994371308
-0.004987003192581693
-0.00548791877636984
-0.005245561609504504
-0.005213263545084091
-0.004966681048819262
-0.005495280722295308
-0.006504818677991079
-0.006033045896212282
-0.006247863735051259
-0.006319544400891951
-0.006012738782523504
-0.0076338248763013474
-0.007228251819433899
-0.007777071035132082
-0.00732611931943713
-0.007534898144240556
-0.006768422894740191
-0.006922533753479238
-0.007040819755396257
-0.006616003939140728
-0.006561184683229241
-0.007144835992281257
-0.0012269909958688165
-0.001041358176563328
-0.0009013101427449782
-0.00030362954976837934
-0.0007878722977929042
-0.000596585934326371
-0.0005317741950018186
-0.0002898173185999572
-0.0008349280706149624
0.00118993567421536
0.0009457652270282453
0.0008621862299061473
0.0012125041655070166
0.0013287153597389184
0.00021345031122850763
0.0006455824503774795
0.00044753553410195504
0.00042086893728055083
0.00020589103754876053
0.0009344434003413124
0.0008860209703960846
0.0006874384246515216
0.0011413590808550791
0.0011701166696628268
0.0006675532750084688
0.00025361933113985546
0.000686981949445115
0.0005504020447072605
0.0004425413122349522
0.00022115657679221037
0.000766166871779372
-0.0034986894704530894
-0.00309157862036731
-0.0032609165487021935
-0.0033113350078254763
-0.003517949701652906
-0.002789886093673438
-0.00285856160402845
-0.003024348433256295
-0.0026129958739931026
-0.0030586831927455643
-0.0018912379114397683
-0.0018835675696429702
-0.00210938278459589
-0.0016681999639613745
-0.0025590006308062207
-0.0021221223922932297
-0.002332117604530147
-0.0023665763701497177
-0.0025838864803051395
-0.002114094756883101
-0.0012040798182001045
-0.0016427640593015393
-0.0014389217751962584
-0.0013955161184398168
-0.0016559346510195885
-0.00024677569195905475
-0.0006615063054386029
-0.00048357266756810527
-0.00044165978091838135
-0.00023513138769650494
-0.0009650029294176275
-0.0008966201103742467
-0.0007239063650798454
-0.0011455599936820366
-0.0011764274751261895
-0.0006930404976785632
0.0028797753356786587
0.0028537749516098962
0.0030753576785859512
0.0031150006349989997
0.0023692811330443303
0.002709954107140781
0.002707335244669825
0.002439561495224751
0.0022628043184187256
0.0033952130342138516
0.0029723478907606442
0.003052353302831361
0.003221859228203556
0.0034439469121132745
0.0028598820283496423
-0.002894806566443346
-0.0028205354017922933
-0.003056736819061476
-0.00311994552947607
-0.0021240205149807914
-0.0025609594456710216
-0.002368508908028835
-0.002334023713033008
-0.0021159658784327628
-0.0028607432041829555
-0.002792032587377189
-0.002615112191049755
-0.0030265483701204083
-0.003060914113096655
-0.0025859280703438383
-0.005347478254979791
-0.004920217346694705
-0.005039276588136918
-0.005184590481361685
-0.005386879635470128
-0.005484642778393031
-0.004983894721099041
-0.005210050117876819
-0.0052423755122515655
-0.0054920082039384855
-0.004666503594612943
-0.004724486224262748
-0.004935908706849057
-0.004466854360331935
-0.004443673377019531
-0.004963672822589502
-0.004426788868235436
-0.004650771391049322
-0.0047316400857832265
-0.00437926181919406
-0.004258166666283064
-0.004832890270497333
0.005309087102006125
0.00487236103380465
0.005000022867916836
0.0051393009967597575
0.005347018666965686
0.0051469278324282495
0.004803455365827666
0.004776987228299921
0.005093560279393036
0.005274025267686694
0.0040438369671457475
0.0045139920804378435
0.004405031538830449
0.004231573697643999
0.003995370520544265
0.004625602521615971
0.004389817122155636
0.004603549808598723
0.004693026211626739
0.004335932959139914
0.004220220629819473
0.004789929026535459
-0.00036075325146888863
-0.0005831247371042353
-0.00024802068016979603
-0.0004336609597771077
-0.0007704446523325791
-0.00031198143943584765
-0.0009153443323117051
-0.0009155656275766465
-0.0011451743880706322
-0.001609133435757235
-0.0011024471408283582
-0.0013773914531110538
-0.0011411061693140606
0.00011714073594392437
0.0005065787350170761
0.00015371078381005022
0.0009692042721291535
0.0008733187121230295
0.0012222860417269465
0.0017557250416398525
0.0010620265120972472
0.0014838983673339807
0.0011625267168302287
0.0017598180132474125
0.0010666932161236544
0.0014879995200718808
0.000974410716726028
0.0008793984389648417
0.0012267548275945541
0.001167695757479561
0.00011861064683192146
0.0005106993630497002
0.0001543993688138701
0.004515785972288395
0.0029592876189905165
0.00415515155353654
0.003427772443201391
0.0027004782753420856
0.003790621180938765
0.0033988016073449308
0.00048668095506771114
0.0016197817036479503
0.0005402544674944652
0.0004859532141473583
0.0016169866201844727
0.0005394322043750663
0.0034214723590843816
0.002695525462610539
0.00378377618429767
0.004508273908922199
0.002954062733549465
0.004147944194955448
0.0033926832411106146
0.0069950986257873975
0.004997508907747733
0.006963035042569016
0.006891539923951043
0.004969439281850269
0.00691834607092503
0.00595867320343415
0.0011761271103898454
0.003067478237789121
0.0010561370895718271
0.0010908027651299458
0.0025257906434319618
0.0008995374500377098
0.004849154119734116
0.003739101655441645
0.005170790626284262
0.004006003197263695
0.005815461821073453
0.004014871707868396
0.005492050801523341
0.0046010748486949695
0.00247046239805468
0.0029082507757055747
0.003213623374722228
0.0034741797481164273
0.005822560287996174
0.00402013735164431
0.005499385186426039
0.0048567974948513235
0.0037445746724405313
0.005178422316731551
0.004012589907048692
0.004607567626448566
0.001091609651176588
0.0025287183141879726
0.00090033955830768
0.0024746773896048495
0.0029125361941098635
0.003219055302720335
0.0034796793772364186
-0.003426853172402662
-0.002697757483652107
-0.0036192900586791738
-0.0006068366331488089
-0.0017102501314432172
-0.0005960808364931056
-0.0008273268968884808
-0.0018476354578296854
-0.0006669256383551625
-0.0012165121605264347
-0.004044579172472535
-0.0028726733584983287
-0.0038249654457198708
-0.003256541315540517
-0.003374185876801358
-0.0025020206136726
-0.0035597395639565843
-0.003992622639580271
-0.002679424965349151
-0.0037656313070334726
-0.0031336822867012054
-0.0007520667289481525
-0.0015704687292150631
-0.0005551510409182348
-0.000504464898113658
-0.0013607517802933765
-0.00041674615373885857
-0.006069142924032231
-0.004258016679758477
-0.005780829418895316
-0.005252572340922534
-0.004071076763097711
-0.005509256789893849
-0.004913447827690583
-0.0009347332849214241
-0.00262807178453138
-0.0008949055923887933
-0.0009187277777545001
-0.002538803380727593
-0.0008763571780688071
-0.0017438105528266743
-0.0009565081559181074
-0.002606512881074619
-0.0009177364791147554
-0.0011194036115678631
-0.00273559356787759
-0.0009707590370322441
-0.0018246640699886465
-0.0052684011867409845
-0.00411450652909252
-0.005522546939016636
-0.006080863463556785
-0.0043135255387613215
-0.005793336649788216
-0.0049414569432276265
-0.002181790120176012
-0.0029753099007774333
-0.0023953989333590476
-0.0020291400352432146
-0.005180072835850297
-0.00395564839440703
-0.005421787848186244
-0.0038240370624622404
-0.0026544872672627892
-0.0032877793118768124
-0.002539240045782655
-0.0031432357802255056
-0.0027807046735289207
-0.005588064879775282
-0.004268693050827617
-0.005538964106476934
-0.005026400329111376
-0.0047686260074584225
-0.004164621342422236
-0.0038624614264531664
-0.0036617799663170147
-0.004555053503678421
-0.003499705991541189
-0.004452197366061616
-0.0015611973455208353
-0.0031708600182878198
-0.0018272457123505068
-0.0025927835314983848
-0.0025040591582018074
-0.0034294449296440035
0.001403143542252845
0.00046781132716605526
0.0014638287328703425
-0.001392987968534793
-0.00046059365781277775
-0.001478605108888996
0.0014404644356549095
0.00047009854927468255
0.0014686312405677692
0.0009157436517759973
0.0009570582553830921
-0.0014706306857395005
-0.0004806706930755174
-0.0014935457764875901
-0.0009427954862172003
-0.0009662154504173914
-1.326635295011582e-05
-7.541354739764288e-06
0.0004259269932979717
-0.00045205833119260137
0.0004563217371444381
-0.0004772408825728628
0.002172049193857713
0.002858726228131
0.002341405534002184
0.002074106719123047
0.005032659255738497
0.0037796738407054353
0.00530531215730142
0.0036446433757446476
0.00260297175800416
0.0031818485053688875
0.0024819618136546354
0.003081672727465995
0.0026966948621381733
0.0055228386577844185
0.004135452802126551
0.0054527944744333645
0.004953338536220689
0.0046256864101576495
0.004110640952059784
0.0037533430656843058
0.0036001009275938266
0.00448873516172322
0.0034162287488219514
0.004357091049952863
0.0014967808411600653
0.003010740928646804
0.001853364134881346
0.0024193766680317753
0.002418268698497904
0.0032294252932885815
-0.0013918370471716257
-0.00045910425317803724
-0.0014772981824289985
0.0014061482236266704
0.0004698295570160974
0.0014669294562489404
-0.0014687599788592545
-0.0004792295458842682
-0.0014920234818766775
-0.0009414750775337535
-0.0009647842553388984
0.0014433269698126989
0.0004720044600464515
0.0014716755976560262
0.0009176853369726525
0.0009595278793269753
-1.3560137905806187e-05
-6.1070166269587855e-06
-0.00045169713176389464
0.0004268490633905304
-0.0004760805568029599
0.00045788791439157746
0.004785890701305833
0.003710853639758801
0.005221615099164372
0.003314284846141804
0.0021642802677797734
0.0028338048645624643
0.002333229265933841
0.002060737742064729
0.005502367304975598
0.004103096729472695
0.005417445907168503
0.004937153935536199
0.004566958236327347
0.0025969535502477583
0.0031660896173004672
0.002474982925528766
0.0030743145781040454
0.0026843579665780017
0.004101394837451816
0.003735874098593813
0.004476783612521571
0.0035916847852652243
0.004339804610365738
0.003405705123128879
0.0014236878479340941
0.0029536285840709633
0.002216241080752887
0.0018227261020397317
0.0030918301864858266
0.0023847831072946212
-0.005183240435563599
-0.003957796371037155
-0.005425091449722336
-0.003826271548123521
-0.0021819056355366876
-0.002976489374164158
-0.002395632530000094
-0.002029584541665106
-0.0055914532215036936
-0.004271037301109985
-0.005542328278959211
-0.00502936285630693
-0.004771403132984219
-0.0026551224299088444
-0.003289181301533784
-0.0025396350983055817
-0.0031445586017393745
-0.002781517168651491
-0.004167006063912811
-0.003864432874433935
-0.004557677028692317
-0.003663690517697346
-0.00445469190554163
-0.0035013433503045532
-0.001561938735233757
-0.0031723777899592192
-0.002594194844936612
-0.0018279048756930755
-0.0034313013627532067
-0.0025049986266151127
0.005361825403753687
0.0053923439169022945
0.00584056562662736
0.005605535054817898
0.005431636648339805
0.005883695951461426
0.006301170601269775
0.005842791353130824
0.006109936566898695
0.00637063474960455
0.005753307984853792
0.0062509000334467464
0.005837396666189367
0.00608450225786623
0.006325407230386443
0.005768046678488485
0.00674807243086879
0.006007993465691688
0.006538237447016065
0.006513317585832261
0.006205827553685517
0.006184087132741882
-0.0059461095932400974
-0.006239767016208545
-0.006059045413940061
-0.006742486589956284
-0.006503498487622269
-0.006609115441248081
-0.00619431736194171
-0.006262320429535078
-0.0061398092000395435
-0.00616617833532804
-0.006452466809286076
-0.006428849633994074
-0.00651720757300582
-0.006523237969565445
0.005924467863355915
0.006219057216997804
0.006038573152926513
0.006700610389541596
0.00646201813685976
0.006572988138914877
0.006174975207173633
0.0062446132023197725
0.00612015480414677
0.006227802469383394
0.006151726618868606
0.006420855701910001
0.0063901761173073505
0.00648392565966953
0.0063667877483308995
0.006480707209333642
0.00629134140920271
0.006311441381812253
0.006266956592977392
0.0063225804209095906
0.006258664736896286
0.006348176647068178
-0.0016745172483485715
-0.0019758905973922005
-0.0018193354257445243
-0.0025685757879813373
-0.0022479562003852056
-0.0024367932977575617
-0.0019845182420793975
-0.00203763599911144
-0.0019178753168089164
-0.002044405393088407
-0.0019343149768818071
-0.0022690027117750642
-0.002203509723718301
-0.00233837485888275
-0.0022049802616094685
-0.002310537097421432
-0.002123062944933309
-0.0021215851351413734
-0.0020914535360503565
-0.0021557906029200805
-0.0020720668266159033
-0.0021749942689635094
0.0025080314386699367
0.0021982683674464415
0.0023856730942228076
0.0017112167933022492
0.0020083763508145632
0.0018105836529307303
0.0022292696973191632
0.0021643535045513134
0.002294366649655439
0.002166617811726082
0.0022607656034141564
0.0019527042931926145
0.0020272575557209504
0.0018928164699392016
0.0020134224253189393
0.0019346690980087129
0.0020877699238264257
0.0020936083420193302
0.0021197128195289787
0.0020581029149734243
0.0021383201290911505
0.002044924776977701
0.005896945360657282
0.006190117013824482
0.006008322330879146
0.0066904729000454456
0.006453243383899321
0.00655541063085988
0.006142185246236983
0.006211135863673983
0.006088205160410152
0.00611535429466124
0.0063988453364145674
0.006376888912483077
0.006463455788880617
0.006470718496353874
0.0017141414497146448
0.00201205148017516
0.0018137790346285352
0.0025127110949018554
0.00220236150473022
0.002390140844215287
0.0019563017657932657
0.0020310084995499586
0.0018962400466685082
0.0020171832177127255
0.0019381833302749636
0.0022334831445448107
0.002168407549785325
0.002298681451453913
0.0021707202138898382
0.0022650001978420007
0.0020917319869139537
0.0020975255553877673
0.002061983112035085
0.002123730867351917
0.0020487456642517333
0.002142348506940929
-0.0025417621582504604
-0.0022319165284272117
-0.002421573175678027
-0.0017442586767107205
-0.0020417725575622814
-0.001844684962095392
-0.002265316182495714
-0.0021992476925842257
-0.002330530546141593
-0.0022023139602123805
-0.0022958609555666005
-0.0019876933958235376
-0.00206175596146347
-0.0019275025072108289
-0.002048543878878378
-0.0019688631924377393
-0.0021232040710105
-0.0021285428102852423
-0.0021552283747175746
-0.0020933854140179754
-0.0021736880559350886
-0.0020799638869658985
-0.005949412506971031
-0.0062433031220625575
-0.006062551783176712
-0.006746632244711351
-0.00650744680906881
-0.0066131698072123156
-0.0061980743815517455
-0.006265975939559697
-0.006143462329351338
-0.006169719595545217
-0.006456431536913904
-0.006432754001593105
-0.0065212045207932254
-0.006527253726931612
0.004752348379150663
0.003389817220192518
0.005104712658381486
0.005195324143688544
0.0034969583033802446
0.005212340638337439
0.0040856727240104005
0.004234844001932128
0.0014179461210625396
0.002777504868947645
0.0010965240885825516
0.002863755650798233
0.003273338039200404
-0.007639234375837982
-0.0074743471589422145
-0.00708081300873533
-0.007308899619761012
-0.0072351838711113845
-0.007375989929175978
-0.007396731596715602
-0.007326952216281711
-0.007425019808871332
-0.0073095124322339056
-0.007592940360662888
-0.007497398614656221
-0.007500496363583166
-0.00745719065514647
-0.0076436793043710505
-0.007478692476763959
-0.007084806163145779
-0.007313056865262547
-0.007239180376084836
-0.007380029197287279
-0.007400866908511975
-0.007330977449270856
-0.007429082054021734
-0.00731357691663239
-0.007597034492259308
-0.007501581314117544
-0.007504578765058843
-0.007461300665218631
-0.007828623851152834
-0.007865930418266364
-0.007984645085026406
-0.007717880276326809
-0.007878209076601871
-0.007865645792939064
-0.007896760015973834
-0.007840800994981774
-0.00813195884206348
-0.007942852561761478
-0.008081956756599706
-0.008064835957326905
-0.007966954165163858
-0.007689439606557012
-0.0077994119066391475
-0.00777585366699541
-0.007648741164789097
-0.007818499827437783
-0.007551396287271271
-0.007781308760611914
-0.007623818561705326
-0.007605607312436349
-0.007757926266123986
-0.007710201917536611
-0.00783281695077628
-0.007870112385023682
-0.007988732095274679
-0.007722221704600079
-0.008135980745598709
-0.007946973227919889
-0.008068877211098297
-0.008086001171790673
-0.007971074032096917
-0.007882282682056176
-0.007869761755981733
-0.007844881934522544
-0.007900833158664885
-0.007693535076619917
-0.007803561839774188
-0.007779943253994823
-0.007652881943556079
-0.007822608010128329
-0.007555662861933743
-0.007785508945303681
-0.007628156365202119
-0.007609803271439609
-0.0077621885124709595
-0.0077143821466791355
-0.007421179220903248
-0.0070306208644387
-0.007200164672160932
-0.007396269509814664
-0.006904894165035392
-0.006884870346401703
-0.006751565116451852
-0.00705489707402662
-0.0067628904334099205
-0.006851059627717881
-0.006980182302565513
-0.007013955738258829
-0.006478690040094661
-0.006727589683752906
-0.006615115972518581
-0.006742884902996344
-0.007330412395415749
-0.007038274810753324
-0.007360723687743502
-0.007192016194567776
-0.007205271827909285
-0.0070438796907380365
-0.007417056426902369
-0.007026528068091784
-0.007196186928720673
-0.007391947274876451
-0.00690077725796516
-0.006880755311423194
-0.006747422417498849
-0.007050791779737614
-0.0067591374867139245
-0.0068471397168633685
-0.0069763187106692695
-0.007009988539690584
-0.006474869573821344
-0.006723618041511435
-0.006611098794755779
-0.0067388114960464955
-0.007326145551875264
-0.007034105388095186
-0.007356377613310921
-0.007187843364665549
-0.007201028304372919
-0.007039708327369508
-0.007419616941863693
-0.006352041263002749
-0.007510701167952684
-0.007229678426598254
-0.006303795920928131
-0.006459196597971862
-0.007376409863251807
-0.004781162507324029
-0.005559347307950567
-0.005638142980595487
-0.005978545236442838
-0.007288749247636418
-0.006641596409982443
-0.007454798883829994
-0.006574792906936689
-0.007482188438098925
-0.006680672670828297
-0.0075845723307942986
-0.005007465959186041
-0.0061094814536995995
-0.0058123640589192215
-0.0062724422906643065
0.007370628783435617
0.006997284024158836
0.00715753491542765
0.0068573552211310855
0.0068474312177611305
0.006701281977414243
0.00672291531046029
0.0068141113062325466
0.006939265091915456
0.00697705448727549
0.006427411091360335
0.006685867916388964
0.0065642065103683105
0.006697766967946337
0.007564956482527165
0.007483258002270671
0.007328100621484831
0.007724501379011417
0.007883428614634857
0.007558769054297387
0.007935793201499402
0.007579867511479419
0.00699718172705427
0.0073492043495511005
0.007283810863963665
0.006930485522873459
0.00744289654129777
0.006876753423207713
0.007306591062189606
0.007100629555500302
0.006891500298110457
0.007306116507566509
0.0071284461226215935
0.007571040396232019
0.0074896129637172255
0.007334856994220988
0.007730256008208943
0.007888900229730206
0.00756496740711923
0.00758598770087056
0.00794115231101112
0.006884640626066286
0.007313294905153728
0.007107996576749288
0.006899115158292267
0.007312900869340925
0.007004460046331614
0.007355910371941626
0.007290538096283381
0.006938026600333927
0.007449329929195576
0.007135576023860429
0.0073749903831191975
0.007001547387846303
0.007163445552223746
0.006864776480289091
0.0068515367347036105
0.0067062452450528985
0.006731378198420005
0.006820194297489608
0.0069465129121000346
0.006982791942428671
0.006438377069703519
0.0066913883132594205
0.006569925247743671
0.006702226448565973
-0.007921724920549902
-0.007962327327618694
-0.007924531462875624
-0.008008085598389348
-0.007906494486783195
-0.007988551502976591
-0.0069246649018197114
-0.007754008616474382
-0.00759501913568322
-0.007662653068587066
-0.0071496848232820345
-0.007202972405676411
-0.007925830066727412
-0.007966384924277757
-0.008012136691725543
-0.007928599102885417
-0.007992629300529356
-0.007910580719844075
-0.006641381792461106
-0.007711483095003136
-0.007594776961852676
-0.007524946249132361
-0.007028550108511235
-0.006970803249759392
0.0037197612627538883
0.001046613174700797
0.0012112313268328554
0.0026801294857169548
0.000433945239602339
0.0011605392327062043
0.0003832540594887787
0.0009214956558026053
0.0020534008943025907
0.0017054023778665978
0.0023777356005017258
0.001641793323015963
0.00306458185039877
0.001942556383445244
0.002715900573107828
0.002777700312089899
0.002186779918290357
0.0009225054553076605
0.0012693043190284594
0.0012637540641436801
0.001478547834016655
0.0020524143657955104
0.0016493618898541038
0.0014612285656711015
0.0024395876882056804
0.0013089496692226396
0.0021879672521256397
0.0030703101064077703
0.0019463814518081287
0.002721074120376081
0.0027829331334607373
0.0020577345367492113
0.0017090831441164227
0.0023824708161755393
0.0016459813000138748
0.002191212882124084
0.0004345734689252393
0.0011626195369709178
0.0003837970898753333
0.0009229806115428227
0.000926041050401287
0.001272169507214222
0.0012677110094432204
0.0014822266037260979
0.0020561287862756357
0.0016524398922595678
0.0024441299342009264
0.0014637626470243154
0.0021921121279257424
0.0013112246752272263
0.006991585686285652
0.004995591953887889
0.006960548935781089
0.006891105340831887
0.004968326657833996
0.006916851859359888
0.005924877168916264
0.005956962269861666
0.001175516131524666
0.003066237337490032
0.0010557338431497396
0.003981019955138795
0.0039804019205281855
0.0049534206702915445
0.00495310191715195
0.0012364524217126712
0.0003063162379951181
0.0009373481141736219
0.0008461297292243678
-0.0011149257950759358
-0.0002116796460920363
-0.0007900290167947257
0.00025686034977051705
0.00017738910637919955
9.199790668910724e-05
0.0005989825532300481
0.0004926591165331587
1.0650813382644534e-05
3.809100304636334e-05
0.0004440846160754489
-0.00040937478299508023
0.0003915189603238115
-0.00032322837685293775
-0.001113949601606079
-0.0002105906413624967
-0.0007888417822592828
0.001239143985871855
0.00030779158635453857
0.000939469877585893
0.0008484219660908983
0.00025753428805303094
0.00017850237245550516
9.244153848612123e-05
0.0006004173862473193
0.0004941534935125065
1.2329630977304578e-05
3.9474893329391975e-05
-0.00040795915829864324
0.0004460414187686139
-0.00032195895891478445
0.0003932813719213744
-0.0007334046069495522
-0.0013932755137019079
-0.0008363369958750695
-0.0018391676951046549
-0.0016758700715090113
-0.0020657531719692245
-0.0015598576724154278
-0.0025026014805831034
-0.001833996310231455
-0.002287361554775245
-0.001962139325999441
-0.0010345984743921966
-0.0014197663241223768
-0.0009435574352729179
-0.0012948997333427008
-0.0011532899046043086
-0.0014898808298611033
-0.0006437910037879911
-0.0012292341227390735
-0.0006967187487784839
-0.0024701061870639725
-0.00174105421829115
-0.002256572482434651
-0.0018255715305347893
-0.0015994371969129616
-0.002041322206779279
-0.0019082472443719596
-0.0007507356847648567
-0.0011605139633155974
-0.0007367189325366803
-0.0009544762974671983
-9.895360804707586e-05
-0.00022339698064756985
-0.0002969947677336464
1.7833910722498954e-05
-0.00013048332690894377
-3.6048789886940284e-05
-0.0006983064660356277
-0.0003887434892608986
-0.0004956259612086893
-0.0007338533529299738
-0.00035440494591455643
-0.000698702433752307
-0.00039469521206770186
-0.0007343575334771022
-0.000558780555956422
9.040646454992374e-05
0.00023036678684871913
0.0003030544159100944
9.212894555395977e-05
0.00022149928774750302
0.00022522262513013192
0.0007343791558962868
0.0003824676984727842
0.0005167685090606738
0.0007366313855647297
0.00035682411819645853
0.0006192945344455198
0.00036484768848610923
0.0004025416097585122
0.000697424193856035
0.00030802572015052604
0.0005341289106146635
-0.0050053788904302265
-0.003660370886265469
-0.0047584356556272115
-0.004491657458469631
-0.004242578041280066
-0.0034742645706252046
-0.004503798761091343
-0.0035971177959374084
-0.004090207084069837
-0.0011652858231035615
-0.0026616884349485105
-0.0015427246588736673
-0.0018030573098559884
-0.002259878614139751
-0.0028860434687589735
-0.0029418582257179607
-0.001898603502565451
-0.0032169304991931445
-0.0022539330534900822
-0.0032651007824038947
-0.0031636776531590344
-0.003915126113543338
-0.0025068516842697767
-0.003785071995973183
-0.0025471351220065276
0.00690382506973484
0.005019556235366002
0.0066829740456302925
0.005967318345193282
0.006132773600856273
0.004870951880063147
0.0064196008378676955
0.0052072802404884155
0.00572387020258622
0.0015798270399724548
0.0036494371982227465
0.002349133837284445
0.0021996854937909316
0.004064932085828779
0.004257520018555377
0.0050280082517099286
0.0031803703367285947
0.005044596569847369
0.003372491509011649
0.0034201449802628995
0.004059563890037882
0.004309901873517113
0.002813484898138956
0.00460516844441437
0.003184869559294094
-0.0012251090972870311
-0.002747458563674221
-0.0016512018775721453
-0.0018626031450086073
-0.004284672818289272
-0.003554360254497737
-0.004536916121396579
-0.0036856147615910474
-0.005025444760047142
-0.003723523707916079
-0.004784332889050212
-0.004524275602755423
-0.004143190427823658
-0.002473256136359816
-0.002987911542567893
-0.0020657970457453926
-0.003084909755159531
-0.0023675721242956012
-0.0033221188729509474
-0.003319260781054837
-0.0032313821745418394
-0.0025657229537367457
-0.003958205786261483
-0.0026149223399753764
-0.0038357810420272453
-0.007300133417862733
-0.005439007965200597
-0.006992647660100579
-0.006737340239717455
-0.0010498351168745559
-0.0030852705007095014
-0.001031758534859151
-0.0020992025235224694
-0.006364912560910359
-0.005022396308031032
-0.006670749351946865
-0.005422441013904853
-0.0060465743805789215
-0.0009759445782107672
-0.0030334182481648723
-0.0010097884191692904
-0.0018965674744008726
-0.002039913969466969
-0.004113123145200495
-0.004045293302076517
-0.003127177630514245
-0.0048486508329265675
-0.003074192632394
-0.0035392593396740306
-0.003943802383974662
-0.0044747905775917194
-0.0027526245955686434
-0.004722971016037794
-0.0028942438829362657
-0.006128616012288097
-0.0050170325886539
-0.006345810672850582
-0.005524700124894776
-0.005924966424867168
-0.004844696386489381
-0.007237731097659367
-0.0054604445671876355
-0.006960111614710336
-0.006609374033754427
-0.0015269310123653026
-0.0036285540090389354
-0.0022377152852870574
-0.0063727150812204975
-0.0051415140187147336
-0.00666464949683787
-0.0054627390166414515
-0.00605199418811049
-0.0036469513866893765
-0.004214657060026653
-0.00295185680044452
-0.004555476019964981
-0.0032558034143878086
-0.00483494679022774
-0.005602432881175663
-0.0049155345781777314
-0.006070407660458942
-0.00577439062176127
0.002615974160974031
0.002301105123808768
0.002657321806785906
0.0024002288711857615
0.001668930283796136
0.002040022853467549
0.0017204661116363722
0.0018528272512915841
0.0019507671085123484
0.0021186930068182496
0.0021787435919543253
0.001820407225612078
0.0019312566875110309
0.002630769387560497
0.002292200659263607
0.0024041014347499926
0.002655390887441912
0.0024666188542197365
0.002245113771128892
0.00210990333202988
0.0021527485243691483
0.0022379732623793135
0.0019964409884662975
0.002276186113402091
0.00200391696705194
0.0016717313525323296
0.0020436780237869955
0.0017233762011427665
0.0018560872159402515
0.002620835362147083
0.0023053202058478687
0.0026622366973856454
0.00240468313556737
0.001954175387443942
0.002122497823630649
0.00218263879654318
0.0018235370294041298
0.0019346489105584932
0.0026355873860802446
0.0022963725920882964
0.002408463758955254
0.0026602767064998188
0.0024711494450217236
0.0022491647216441274
0.002113788410348961
0.0021566645244097465
0.0020000531256362812
0.002242113771800652
0.0020075146762868253
0.002280373815319346
0.0062254536854164325
0.006240740486843194
0.0062185202185997684
0.006236385893248845
0.00617950373535548
0.006234350641527276
0.0062042853748113976
0.0061875854768132805
0.006221989492799495
0.006349973458079518
0.006277814508671062
0.006311715570219586
0.006348777775787124
0.006269850908908206
0.006261049722674815
0.006252035931987408
0.006286862058866063
0.006247245917812488
0.006285325806368916
0.006286481094916162
0.006259837299354861
0.006221555904942485
0.006330094357147
0.006228800348206422
0.006299357511684409
-0.006278360219752063
-0.006293617736470928
-0.00627134820609042
-0.006289337368291872
-0.00623197206123544
-0.0062871008502737415
-0.006256975385569882
-0.00623987759018508
-0.0062747670648155025
-0.00632297087037872
-0.00631399616800684
-0.006305060960214477
-0.00634002249904869
-0.0063002068995851295
-0.006403436396354769
-0.006330862169660229
-0.0063650641316959815
-0.006401983262459667
-0.00633845849207105
-0.006338351336313125
-0.006312626298404071
-0.006273631462717221
-0.0063827552002060075
-0.0062813216284748575
-0.006352286709670449
-0.00628231111746474
-0.006297544109829211
-0.006275276994677179
-0.006293297407753395
-0.00623580481437721
-0.006290974891124633
-0.006260865159584335
-0.006243648285136056
-0.006278667621139429
-0.006407377734610065
-0.006334724654821412
-0.00636896967920844
-0.006405916383797547
-0.0063269592899528335
-0.006317977023807212
-0.006309035123733192
-0.006344028364076364
-0.006304164387789326
-0.006342398946214442
-0.006342141187485621
-0.006316483152793
-0.006277376051292493
-0.006386642158520734
-0.0062851345152552295
-0.006356166195511467
-0.002640270549016589
-0.0023189544779686194
-0.0026660481002154604
-0.002428853383683169
-0.0017019829645488296
-0.002063572361606735
-0.0017535527453367912
-0.0018841230725489138
-0.0019728448764379227
-0.0021351129943868088
-0.0021812969314792784
-0.0018505364619319196
-0.001955957874245325
-0.0025990544222038417
-0.002302285277802602
-0.0023880226304495832
-0.0026457078069215306
-0.0024739171677482926
-0.0022494187178851988
-0.0021421873377718966
-0.0021767666879190296
-0.0022687770086450205
-0.002027826893909678
-0.0023016324026740352
-0.0020321016825462688
-0.0026713986451361834
-0.0023835126297898305
-0.002698925088537734
-0.0024700902194103955
-0.0020258880987107037
-0.002220827039674775
-0.0022185381444601543
-0.0026164286947607768
-0.002366920636696411
-0.002413958879308628
-0.0026740970586592826
-0.0025219638461892115
-0.002307225596546079
-0.002165282770603333
-0.002254023620011488
-0.0023083129739770603
-0.0023588477528622724
0.0058290769566107575
0.006125466437757254
0.005797813135059305
0.00602476088108099
0.005870441571482298
0.006146878018965844
0.006090186413709102
0.005817646122039259
0.005982103381529295
0.0065179449604609455
0.006305134943621392
0.00630471330096589
0.006591015529953432
0.006211651910320257
0.006311596615273175
0.006257390247354475
0.006178381751596898
0.0064185199225855845
0.006142425372115268
0.006672890616768202
0.006362326969347578
0.006641473134775261
0.006539252744107141
0.0064688387513453394
0.006394491869210458
0.005809104758085354
0.006108936350445768
0.005782093373139274
0.005999832905629428
0.005859381682649391
0.00613299686316527
0.006079351680242808
0.005804653997003001
0.005966923644515066
0.006508425934967142
0.006292662525993283
0.006294391954122966
0.006581765393994919
0.006199769016422278
0.006292284291247853
0.006241568340566145
0.00615384012439914
0.006406033627564291
0.006122326830431828
0.006665904723088146
0.006349604408767707
0.006633140208683754
0.006530425178000222
0.006458215524503293
0.006381630115449848
-0.005860134238352636
-0.006156812001111791
-0.00583236887360155
-0.006050833723431847
-0.00590863949953072
-0.006179601551762372
-0.006125588049158846
-0.005854510907791445
-0.006015423602763022
-0.006549118164635343
-0.006337366856136234
-0.006337679408362592
-0.00662248017496804
-0.006244884173748798
-0.006343623899398903
-0.006288867514046555
-0.006204998545719455
-0.00645444106584682
-0.006171630043757395
-0.006706120038633142
-0.00639464066001342
-0.0066733261517073345
-0.0065749331999097535
-0.0065008897607610125
-0.0064278897140311875
-0.0058569051050322545
-0.0061535143913985105
-0.005829153511897702
-0.0060475633369103735
-0.005905280330914334
-0.006176267579108023
-0.0061221539594007975
-0.005851242909672233
-0.0060121647695096795
-0.006545485426165163
-0.006333932901420756
-0.00633415898622788
-0.006618820471778371
-0.006241470807660323
-0.00634002220139898
-0.0062854647522622474
-0.006201593923645215
-0.0064507545377991025
-0.006168310857428436
-0.006702267751238285
-0.006391152973854013
-0.006669587118859095
-0.006571159728562343
-0.0064973198215248435
-0.006424319914052491
0.0042589748244058895
0.0033806501804966933
0.004542499694507428
0.003053119999287851
0.00521208269810868
0.0036949003854486345
0.004244085847046849
0.004944073336561617
0.0015275618920743337
0.0029066181800792338
0.0011705431902448366
0.0030142778057088795
0.0034336603726562846
0.0051055945941084965
0.0038748365561484827
0.004809276116443827
0.004942627425170953
0.004108789415521714
0.0043637506823502575
0.0009774343321527728
0.00269119197670248
0.0010118654683847724
0.0019679594921166678
0.002749183963878362
0.0020029434732880907
0.0075366460907680755
0.007426130183807197
0.0073495538732574455
0.0070536088706108675
0.007285945382675481
0.007200985701072142
0.0070272888229029155
0.007323254385308722
0.0073542618606596425
0.007285123143387592
0.007278707254881639
0.007559892912111492
0.007480689254581813
0.0070104733577351416
0.0073030461411444664
0.0071756371345114275
0.007016601166599436
0.007322310642719096
0.007168936937422029
0.00768215523452859
0.0077401180369294316
0.007809319721170811
0.008037121292516313
0.007852457843629305
0.007932672871965607
0.00803905400921512
0.007828083143391234
0.007797371756852593
0.007862514103161735
0.007864140874165721
0.007595744373855555
0.007679080832970686
0.007686446469921598
0.007743319889174635
0.007813920214655082
0.007602941531165442
0.00804116738858833
0.007855346136628544
0.00793569562207161
0.008043319983234895
0.007828757890468364
0.007799170486064859
0.007864393789992033
0.007803823952564229
0.007866527394003451
0.007596130210006937
0.007680599764032855
0.007579727627794455
0.007634977806046684
0.007498646122590526
0.007671718825775022
0.007540421511167581
0.007548700548059028
0.007645030816143249
0.0076163183886805335
0.007733243019544017
0.00773441154109983
0.007773242958489017
0.007679920626648129
0.0077738933932137095
0.007680477125962101
0.00753357140510681
0.00742359522347075
0.007346694512812748
0.007599685464525615
0.0070462384877895525
0.0072826335282221545
0.00719610247613678
0.007021510376636406
0.0073223793205149015
0.007352170245598921
0.00728234948845655
0.007349535890979025
0.007275391435819188
0.0075597107875717585
0.0074793201651076275
0.007521210551841067
0.007578841675023495
0.007006865044148123
0.0073000848570715015
0.007172557145241038
0.0070124405741333684
0.007319663754768354
0.007164843642501393
0.007423110381316875
0.007421953364249784
0.007381672957185605
0.007477031971156674
0.00738100065549095
0.007476596486059464
0.007669349776807371
0.0074965502522993605
0.00764199267878378
0.007614649301288446
0.007537842342276068
0.0075472792513208275
0.007628497592965545
0.007971215853721271
0.007959362252617402
0.00785385909139348
0.007672244837127467
0.007766649610497678
0.00783639713286428
0.0080105279365978
0.008028252136677431
0.007915703442044645
0.007823667980230183
0.007935438796086007
0.007634532248513763
0.007976477962195846
0.007964664908640182
0.007859356314021602
0.00767816416381993
0.0077723795998791605
0.007839837928471198
0.00801529338648501
0.008032745402588373
0.007920387582228398
0.007827677574918122
0.007939240015880629
0.003723198104194264
0.001069096324235267
0.0010775516912666734
0.0022879271824409113
0.0032925493931310326
0.002673034407599494
0.0010221926410466555
0.001004424448248603
0.002896365564695517
0.001950829962795781
0.0020891521481123474
-0.001203309887356188
-0.0002311187525295475
-0.00039884980083632206
-0.00034352121979955226
-0.0009322089691589529
-0.0008081118215384786
-0.0004886075732411373
-0.00015161092824072077
-0.00018960049851306408
-0.000391688466605136
0.0006214714225934815
0.00023933193406454036
0.00019504122436433518
0.00036388615349747374
0.0007458990024978943
0.0010167183464968989
0.0002857716929030127
0.00033383740382185174
0.0007215863092458659
0.000878147997037857
0.0005337166061781779
0.0017763744691431285
0.0006529159957742067
0.0005947456527327994
0.0011321975461021162
0.0019403839136898555
0.0023022025071415164
0.00071667625782621
0.0007928919339235604
0.0016431363031065755
0.0021127522148320413
0.0013588388570913146
0.003012021760396973
0.0010022956809348912
0.0010154065225737674
0.0020437197467108236
0.002990037540262876
0.0030112897440393587
0.0010022232976275745
0.001015168805524119
0.0020430622022069556
0.0029898203442631733
0.00199738096065797
0.001779368229561557
0.0006538331259810043
0.0005956358898937133
0.0011340346667683679
0.0019434807109705743
0.002305225731973675
0.0007175767142363288
0.000793744685837255
0.0016449691211433191
0.0021158506169624424
0.0013607987408447992
0.0006243171929582179
0.00023976477250246028
0.00019552073059274683
0.00036574535830269654
0.0007481538086459325
0.0010187042017403693
0.00028621485645826766
0.00033431861699773324
0.0007227818363300388
0.0008801701650511521
0.000534895395900334
-0.0006238076013895503
-0.0001824460150740792
-0.00023891227519024074
-0.0005017070856044644
-0.0004916837000363215
-0.0002475252082015244
-0.00013223190451903654
-8.431460388354813e-05
-0.00012457895531723672
-0.0003672915603695647
-0.00029990017586053883
0.006898854960172351
0.005015239722988086
0.006677196882561625
0.005963580357354523
0.001578776820576739
0.0036463677922433683
0.002197830975110167
0.0023476896043924155
0.006126019813168178
0.004866198359010908
0.006413266934360878
0.0052012063265704424
0.005718497293439003
0.003416087679212353
0.0040556325632465015
0.002810603008613129
0.004304764359102772
0.0031819393166704775
0.004600190721926906
0.004062981776093355
0.0042542010111073815
0.005025239851979407
0.0031785992494419695
0.005040982555093231
0.0033701227763517417
-0.00011710556731744627
-0.0002818336388378973
-0.00031948273994887344
-1.7696539943543735e-05
1.4039389266466121e-05
-0.00016358293117383962
-3.856894642891698e-05
4.463999394244817e-05
-0.0007253616716617299
-0.00047131940578135897
-0.0005215048977722224
-0.00040229518673202133
-0.0005777167144740438
-0.00044253092770838375
-0.00042280139547501856
0.0001456062407754423
-0.00015417945906958915
6.989080653683021e-05
8.856225440341283e-05
-0.00010043811808124375
-3.9055644778090286e-05
-0.0001183556751522917
-0.0002747671385448166
-8.182939189491339e-05
-0.00026478649387167406
-0.00013520370968696748
-0.0003564699430071067
-0.0009332073522184268
-0.0024412646834935017
-0.0019006083851924795
-0.0008788738527826983
-0.0038571487586891114
-0.003174107314315194
-0.002878949604120549
-0.004334511195457511
-0.0025969949764036862
-0.0010599094625419107
-0.0024773739995437695
-0.0009079350656245409
-0.0021403236572446445
-0.0017067266496170698
-0.005178790567449669
-0.003619712013412294
-0.004767070609361442
-0.004810473220008626
-0.003957562960606774
-0.0040317578478544416
-0.0032251992017765796
-0.0031155017841853023
-0.00443073990633713
-0.002719977671019094
-0.0040059974693579395
-0.0032451793705745246
-0.002378618869302334
-0.0030682342685597803
-0.0029234048833380066
-0.0008293183723662342
-0.0017687859327887316
-0.0012020973883869618
-0.0011655462462020118
-0.0027035234709169
-0.0022658466069436704
-0.002889207448459573
-0.002319913978914779
-0.0026429070411592664
-0.0021592278338319402
-0.002067884889715013
-0.002563020439548635
-0.0016551004558387856
-0.0024625759586661823
-0.001680178450657619
-0.0016636000616129132
-0.0019212005515553752
-0.0014395639080631109
-0.0019731156600753265
-0.0015630177618602332
-0.0021195916458848323
-0.003201607990507957
-0.002289011456364407
-0.003031722031533735
-0.0028321257969639198
-0.0007387191486501205
-0.0016583882568244046
-0.001054816860042369
-0.0010578207826286209
-0.0026713876664702127
-0.002186467669924338
-0.002856320169647757
-0.0022613494050604615
-0.002581282283510356
-0.0019221513386310303
-0.0019502980405021243
-0.0024116162307655105
-0.0014451397595685216
-0.0023492249722431814
-0.001538189110551574
-0.0015441540164105694
-0.0018270297715038972
-0.0013192229420083907
-0.0018880703823300575
-0.0014567211754142205
-0.0020406273095304665
0.0001045129762106375
0.0002513330225286797
0.0003138500775520618
9.822272640802916e-06
0.0007408074095841356
0.00039832674212148477
0.0005250410891569008
0.0007452588302698292
0.00037227594113021405
9.689383773009419e-05
0.00023805338985466247
0.00023122466707887836
5.7176431970281345e-05
0.0006258902445066369
0.00037900508787632223
0.0007058046438702526
0.0004091428620174235
0.0005458361989544003
0.00031880344537299986
-0.00010834004049967994
0.00016861554444090555
-6.133778332986855e-05
-1.334515168303984e-05
9.787349689788683e-05
0.00010866410175976858
-0.0015072239415530975
-0.0016891703337563325
-0.0013734558563610376
-0.0017178584863847166
-0.0018332088176623105
-0.0017711361887298358
-0.0016389397218462875
-0.001963780277125108
-0.0012414335425967372
-0.001635582376791286
-0.0014419944646498362
-0.0012875579470998
-0.0015068718986281067
-0.0016233206888799962
-0.002028340721348988
-0.0018409373007622692
-0.0018827083934262114
-0.0020761624090249
-0.0017800201390492567
-0.0021628141568359074
-0.0018850273757471266
-0.0020720099306917247
-0.0021205928517407974
-0.0019192764080983985
-0.0019820607173008198
-0.001171592981389324
-0.000278325039981593
-0.0004002758860832588
-0.0008857556259653028
-0.0007204235013498664
-7.617967019315045e-05
-0.00014824066675490918
-2.900262490584516e-05
-0.0003592674826865356
4.514703301036673e-05
-0.00039337424409443525
-0.0011708441351769086
-0.00027807233005185995
-0.0004000359417938687
-0.0008852729927446678
-0.0007196677380535569
-7.526968063997197e-05
-0.00014796260936194558
-2.8669911707121453e-05
-0.0003584609856080982
4.586368463823854e-05
-0.0003928497715031395
-0.0016084948496422739
-0.0011750409525754612
-0.001388646207563593
-0.0015530025256628264
-0.0009406711191172656
-0.0010206047837417024
-0.0011653292317032862
-0.0007960207568254973
-0.0011863848488574459
-0.0007287731137881596
-0.0009485153685343281
-0.0008951496827017943
-0.0006783591375692245
-0.001327910231613233
-0.0011195340447323085
-0.001459207496939718
-0.001093423172465465
-0.0013177847583865487
-0.0010208743882090935
-0.0005421077989247601
-0.0008929466674528024
-0.0006639298490866749
-0.0006155902846255741
-0.0008485503548752129
-0.000784192010655848
