0.027264915951813504	0.029026536400326472	0.0398235540510755
-0.002797621545663223	0.00277174847210634	0.003938181801971934
0.6153781590085698	-0.3016205269017251	0.6853212537440021
0.0	0.9885663031349355	0.9885663031349355
-0.05727163140573798	0.5715044123978971	0.5743668976831275
0.0510281700725945	0.08232712204743367	0.0968588104695214
0.3343533148719482	0.14362010512626278	0.36389404194399627
0.6247722132297263	-0.1673444354485877	0.6467955461346168
1.2118247188672182	0.018993232020898032	1.211973552566314
0.007802296854083669	-0.015041657501350478	0.01694483096956641
0.0022571956203766524	-0.0033109658281686638	0.004007171918441752
0.42840077922508496	-0.040649680624867145	0.43032502155413144
0.8494437097815728	-0.41921276488504783	0.9472560151986616
-0.014502139408423478	0.9574974890111074	0.9576073065249644
-0.12451281074532528	0.44282731457599483	0.45999942453690995
0.22240552244060974	1.0561593365847206	1.079322361793342
0.08282612447841264	0.026581771802436	0.08698711104681134
0.09217720990965139	0.021998527877695583	0.0947658865600575
0.5219970667714898	-0.06353771431569372	0.5258497683355028
0.7196615960825826	-0.0036707548578524445	0.7196709576725719
0.17577062678656968	-1.038787935745769	1.0535538375858633
0.6850412774349364	0.2377466230997104	0.7251241332247915
0.7722703477509114	0.0324320437416936	0.772951051151738
0.704882169446659	-1.0796797863636032	1.2894057987639052
-0.003588074487401346	-1.2608159422772578	1.2608210478013986
-0.10083251432283774	1.0589836959911372	1.0637733143483692
0.7181039837320059	-0.004574464324501604	0.7181185537051895
0.9210637388991857	-0.0064990081612959286	0.9210866670525787
0.0	-1.1510166251552267	1.1510166251552267
0.7046513421997929	-0.006641938667994748	0.7046826444671664
-0.12387856773314587	-1.3529207306133655	1.3585802894444694
0.3757585186945733	-0.047492564254309096	0.37874794789013666
0.0	0.970756418866603	0.970756418866603
0.16957507907233174	1.4822799071162938	1.4919481996648127
-0.18552962956111893	-0.027649730626648203	0.18757865296672813
-0.0012878537043432864	-0.014615056200054414	0.014671688208742022
0.04431904897534343	-0.006906592782037671	0.04485397558673907
0.02789385523941373	-0.022259902305563538	0.035687118274954646
0.00884721400574586	-0.025634525587671316	0.02711829820929848
0.7204014604605032	-0.026164634275176037	0.7208764473336466
0.3265556296300502	-0.8223849118104803	0.8848477396798898
0.6338924954616266	0.6830993429318147	0.9319036474423981
0.7327174875293185	-0.004393690344406047	0.7327306606428583
0.7213181750592379	-0.005065503015260415	0.7213359612493937
0.387662583151649	-0.14206174239627464	0.4128726402033376
0.3674498057150271	0.31333993326222126	0.4829091772753801
-0.12387856773314539	0.03724738805021707	0.12935713146239344
0.050849888031586486	1.2336310060786462	1.2346785696169824
0.07232194476799075	0.2767711132715834	0.2860641760805011
0.12942274214575558	1.015471607583186	1.023685904949417
-0.0010497486018700617	-1.2411421095047992	1.2411425534394307
0.0	-1.2423731698374503	1.2423731698374503
0.0	-1.250303002962919	1.250303002962919
-0.0034324197006953077	-1.2347371885305727	1.2347419593766888
-0.10967878908626622	0.10164116927617295	0.14953382248594232
-0.10421679328565399	1.0617857014041128	1.0668880052324932
0.0	1.0430516523472324	1.0430516523472324
0.6932473621943502	-0.08080829295874543	0.6979411761748486
0.0	-0.5398694105521838	0.5398694105521838
0.72150172952732	-0.013523427181756191	0.7216284561972693
0.9702615028359198	-0.2670611780916233	1.0063444026421091
0.0	1.087803808713055	1.087803808713055
0.0	0.5206434945784911	0.5206434945784911
0.0	-0.8986770862520372	0.8986770862520372
0.0	0.9948727293932889	0.9948727293932889
0.013216624034960335	-0.9168299078824839	0.9169251655062617
0.01886272207673523	0.018993232020897477	0.02676836092747929
-0.05400879682718901	-0.9662975047777488	0.9678056715448737
-0.014994360863866718	-0.8746384939103781	0.8747670123453046
0.0	-0.904032852307903	0.904032852307903
0.056307553236277695	-0.862098931745609	0.8639358243922847
-0.019247758401960708	-0.03482032195664714	0.03978606570980362
0.01304460832704197	-0.00561038707114788	0.014199938362332283
0.0016877852507809362	0.008443882662015581	0.008610910141363745
-0.05732278284155094	0.8188876498616822	0.8208915181244648
0.7397272960679223	-0.12184077010552712	0.7496943682647399
0.7779400905637645	-0.029818278807515284	0.778511344976681
0.721153275823022	-0.0066199542993105745	0.7211836597047944
0.8528720600593153	0.2316715797219005	0.8837773880795216
0.0	0.09475973939515626	0.09475973939515626
1.0463536856312028	0.010974930495130687	1.0464112406379125
0.31455258853733387	0.6237126669523133	0.6985419256367541
0.0	-0.05339053510518388	0.05339053510518388
0.0006098958042739251	0.9950923570609949	0.9950925439646799
-0.014502139408423634	-0.005171127046158411	0.015396512668421534
-0.010254813622676533	-0.11034463717033875	0.11082012522411955
-0.015281575036366155	-0.9497453440952615	0.9498682777976211
-0.21342321679899323	-0.013212216654258105	0.21383178467606054
-0.09627963977007217	-0.3236702350153369	0.3376865263363913
0.0663263543887193	0.00881218598270867	0.06690919150828106
-0.7448431879842082	-0.7465788171631944	1.0545953275656368
0.7666082424049206	-0.017327388040333742	0.766804039960316
0.0	0.9700251762341776	0.9700251762341776
0.05285242228859757	-0.03853504636593927	0.06540893165460919
0.14614163115470477	0.002852820566661494	0.14616947335795988
0.0	-0.5303883563632411	0.5303883563632411
0.1714951849276958	-0.29884508528444476	0.34455621232543704
0.004697992605643922	0.011973933019255615	0.012862589415522244
0.6178902512764188	0.06499701968906411	0.6212994247469544
0.027542339908034442	0.021605769521940637	0.035005567617807966
-0.009580786896380542	-1.235246777893396	1.2352839324517948
-0.16490528819176534	0.09798912038109679	0.19182184908573438
-0.03894231968778453	0.046170292202703266	0.06040033232316369
0.7207277409525324	-0.03190736885081416	0.7214336814742729
0.6265164302473217	-0.01979016315444375	0.6268289143997161
0.6791314194265294	-0.005242918203108715	0.6791516568805359
0.5969633152557047	-0.027939352211395676	0.5976167728260932
0.7153891205334465	-0.07296432565778084	0.7191004009151383
0.7214005281539779	-0.00877524827923373	0.7214538980442204
0.3482784081065173	0.16907712952222867	0.3871497452933248
0.7153320353840837	-0.015364721459055125	0.7154970269066464
0.7570659821233842	-0.0629414587633979	0.7596779110384273
0.7179289260679041	-0.0033562252358278408	0.7179367709853339
-0.0065672974222233385	0.9767859586302753	0.9768080355795082
0.0017055625865214075	-0.01204990118026088	0.012170006663539429
-0.002901000315353017	-0.0023102056239894717	0.003708483902458104
0.5256247064404981	0.011592480938488836	0.5257525250866314
0.7169518347411471	-0.005081553204374796	0.7169698428258096
0.7153891205334465	-0.0019084908095248032	0.7153916662324129
0.7158736707265496	-0.0007624518437106312	0.7158740767567424
0.7186721962717356	-0.001322727912186575	0.7186734135218651
0.724929448102766	-0.003758508246513481	0.7249391913193962
1.228823835252701	-0.23341832795642278	1.250796599735996
0.9878321246806872	0.15013394268823066	0.9991759140903436
0.7155257119430147	-0.033110460439364164	0.7162913841741116
0.7104057835052838	-0.0005825166030366728	0.7104060223304339
0.7168351899170787	-0.006233173770044795	0.7168622893964376
0.7248977422319237	0.026705357220385244	0.7253894904099513
0.6671627958364736	-2.85080075763291e-05	0.6671627964455503
0.6229594944869277	0.0882885123967772	0.6291847051483724
0.5066274865005258	-0.6530506396548624	0.8265267981326833
0.7152247818116759	-0.040576619607177386	0.716374867353891
0.7109411415542184	0.07715385805223185	0.7151153924834504
-0.100895804568082	-0.1803475822979963	0.20665239853476935
-0.058896795685711795	-0.056259889402193446	0.08144941803101799
0.5416900041485805	-0.4470649683913576	0.7023497323678957
0.0	0.4051305614985105	0.4051305614985105
0.7373241195395872	0.46802674547882744	0.8733246199085026
0.36676513126953936	-0.29385190830520563	0.4699634087136715
-0.033598490201578735	-1.2423784983150417	1.2428327287368013
0.14770623842159392	-1.1990702856216577	1.2081335533497364
0.0	0.9016084203927949	0.9016084203927949
0.4700712974434719	0.5241961528024228	0.7040941920603024
0.2792658761726473	-0.7842889457201482	0.8325254230192001
0.15204847859959256	-0.6343472865675149	0.6523152763963295
-0.0322747051624975	1.1799401620633714	1.180381481828422
0.14614163115470435	1.1268331357979535	1.136270342959283
0.013473726493241505	-0.9429553090110501	0.943051565980217
0.0	-0.8972723581585836	0.8972723581585836
-0.02175439926181834	0.9872779806209716	0.9875176276433075
-0.004088608218123245	0.9672170337095749	0.967225675328726
0.07626814328090341	-0.9233543753566366	0.9264988570795762
0.18229282375122674	-0.4370461904308238	0.47353990978722343
-0.012664253410128343	0.9393343018891759	0.9394196687423897
0.08282612447841291	1.2269135711869585	1.229706094178137
0.07849955825087937	1.102263201456617	1.1050549062969557
-0.02802646595579397	1.1001666991147931	1.1005236247510142
0.3852344610372793	0.010548613728622	0.38537885674006395
0.5649149241207516	-0.043461123293971386	0.566584275048583
0.7666082424049202	0.8486328197781084	1.1436196308772006
0.015868417291475208	0.9563458129216424	0.9564774542873938
0.040396523529093106	-1.3221467949703287	1.3227637833579922
0.451738073770724	-0.7827808626233044	0.9037771662215021
0.051809062665465935	-0.9342973689821633	0.9357327357003531
0.095560354527436	-0.7610763623080924	0.7670521563893344
-0.00969531600808928	0.03146207475168707	0.03292204884537804
-0.041000063823441936	0.04517440659342342	0.06100600170962075
0.002180696302965935	-0.015399819038167452	0.015553451796115034
0.02214227805284246	-0.1125533910259955	0.11471070703652747
-0.14723213719369624	0.7165032412318714	0.7314739892288725
-0.21050808808792373	1.201858215303413	1.2201544266373572
0.13794120845773558	0.03854705619142603	0.1432258794066401
0.14473630925241057	0.112333602910967	0.1832141849283735
0.20845905531857836	-0.21662669054244021	0.300636492794345
0.6763119178911347	0.1551145832715902	0.6938719941207484
-0.0015578079143773013	0.9637920088055508	0.9637932677721592
-0.016069543555397345	0.962361589223044	0.962495744739675
-0.12122910308045266	-0.5876819178656999	0.6000554407885976
-0.0038490569045738824	-0.9069985502881851	0.9070067174304302
-0.010368511086399126	-1.2493517073763414	1.24939473135848
-0.003547894209136656	-1.2479528632644674	1.2479579065350328
-0.21041945175885712	0.8893578694015251	0.9139112459888641
-0.018341164787866394	0.8765315397358665	0.8767234104764767
0.7006040749339586	-0.005233430069638835	0.7006236212149585
0.721400528153978	-0.01083352145981538	0.72148186893924
0.7268693013270546	-0.014292441510020636	0.7270098039889131
0.7123667141509146	-0.006271974077845976	0.7123943241555227
0.6934701915094711	-0.03428819937175934	0.6943173533250772
0.7181613946467857	-0.004555080518806438	0.7181758402505262
0.6775950895058888	-0.012866961716527518	0.6777172448937004
0.7073932388384323	-0.01613944292396872	0.7075773286166137
0.7719436433393366	0.03283922437734274	0.7726418336782668
0.6671086212244796	0.005491819589633125	0.6671312259176835
0.8126851313705307	-0.12591098202980144	0.8223811149013853
0.735379255976008	-0.038428317249461476	0.7363826353781384
0.050849888031586306	-0.03620920349763624	0.06242449463758675
0.15424836480633006	-0.003667303632073661	0.1542919542988438
-0.032539412986418666	-0.8252932744345169	0.8259345023816038
-0.0166759868464786	-0.9047446074284297	0.9048982778236055
0.7125687266575	-0.0015031830183026072	0.7125703121583705
0.7124857249201978	-0.006154485697958551	0.7125123057949709
1.0768526185044915	-1.2431465719399022	1.644696008782751
0.6112911033065983	-0.05367723588957902	0.6136432665926872
0.758522388176617	-0.001579401391251993	0.7585240324959474
0.33751918443590456	0.7511073352036304	0.8234569987916655
0.03948536469243765	-0.019415490860777925	0.04400062852118993
0.06106563929174004	0.00013231266033235454	0.06106578263437708
-0.05572079466608546	-0.01584798150329029	0.0579306954554206
0.014974106693348756	-0.0374478489407059	0.04033069874859249
0.2846210955361503	0.8073872445529504	0.8560860533211624
0.1887921459827655	0.9470933908446073	0.9657268585714669
0.7379745007721848	-0.01158863988246028	0.7380654851463255
0.3591645711691308	0.29937514145382965	0.4675731648668539
0.00016903362291233062	0.05991495151112134	0.059915189951678334
0.09190272605968308	0.12596662992870142	0.1559285186000161
0.4302802098316587	-0.01123033538800951	0.43042674104393586
0.1807995455105458	0.4031521439013626	0.4418372175236994
-0.004047992037740074	0.003991003115552928	0.005684570819856168
-0.01948379326849329	0.004662871835954719	0.020033985471890614
-0.051461954281603495	0.4242365981331345	0.42734649165993693
-0.31321119283492765	0.5254903823933564	0.6117527223519272
-0.027208920434795242	0.09502297552629263	0.09884174841177905
0.031927189352186136	0.1540151565450155	0.15728958600465567
0.19276184401269905	-0.07727812000004852	0.2076753147052341
0.25306092278438297	-0.07350006457284337	0.2635186713170351
0.27118354712197335	-1.072762351310278	1.1065078303466325
0.32194050843665095	-1.281006449357733	1.320841858160376
-0.019972277044467766	-0.8810782168766462	0.881304553548245
-0.13757151763194955	-0.971794272515379	0.9814835864940649
-0.17419984246853668	-0.03885073886979833	0.1784795927460399
-0.012876366113451004	-0.032194719962970096	0.034674209403845024
0.134565822531952	-0.9115859170662416	0.9214645108669143
0.09147000836310933	-0.9634503765915994	0.9677827186845412
0.03211006116857607	-0.9606084398679637	0.9611449582522987
0.036038980667167764	-0.8921006124122041	0.8928282650060749
0.03338440935371261	-0.03909599209677591	0.05141026537499509
-0.05193802257223795	-0.11985289331875246	0.13062264055511416
0.581455037303914	-0.7834438227163307	0.975640396743838
0.4215967001313321	-1.074839326672117	1.1545663063343734
0.5881223673568347	0.2180086045063714	0.627228563303859
0.3717783253673598	0.27783275137692587	0.4641230019624444
0.7237398007740705	-0.002500081179576366	0.7237441188917502
0.71539395384593	-0.0038307563574522135	0.7154042101452737
0.05076934698546297	0.049976467723325764	0.07124025490852036
0.05182002536604623	0.011307199357098386	0.053039304164353825
0.7593488640877945	-0.07558839189658538	0.7631017641055061
0.7383076735433072	-0.18915916293048587	0.7621544526757636
0.7009816563743367	-0.005584396301921624	0.7010039001712941
0.6805030387802067	-0.05756620870730294	0.6829335649783427
0.7171643846985128	-0.0070973814503516724	0.7171995032788633
0.7154368782120835	-0.0019513080179973774	0.7154395392406214
0.11239189952770602	-0.045887000920403154	0.12139833579137337
0.10489105648299002	-0.1553720467260305	0.18746361416006468
0.7462391499357034	-0.1258268411745818	0.7567729268788191
0.508604803793281	0.18908782888569936	0.5426168569758125
0.7028685492244655	0.04768642962901075	0.7044843455036226
0.6751577380173307	-0.022790585961906366	0.6755422873611729
0.5454937675568896	-0.21837137666844375	0.5875793636535249
0.3618427676936334	-0.6097858585063555	0.7090620436650955
-0.027040412051277597	-0.007473727057456895	0.028054241747590362
-0.0201147207913493	-0.05051407494929821	0.05437162642865539
0.8040237202560335	-0.09830651022847618	0.8100113040493039
0.7833358816761443	0.08677026121577987	0.7881270086431482
0.007398714743568026	-0.03482032195664761	0.035597693759867176
-0.0035798469492376423	-0.03741582638038056	0.03758669136684883
0.0459441350143828	-0.05334468814423749	0.07040255176785702
0.08346843887589162	-0.021393910711841643	0.08616658113169344
-0.010650567438036438	-0.019026986358098734	0.021805063554675493
0.003048981184676727	-0.02892334288785715	0.0290836044890084
0.006426191146928885	-0.0237261360594488	0.02458099804662829
-0.0025331207853275636	-0.01449557562596667	0.014715244260330086
0.020257950946415557	-0.007380298341142015	0.021560458718488402
0.02247047923973245	-0.030696323076328035	0.03804190699307221
0.7186721962717358	-0.03552455243619627	0.7195496643872697
0.715250850480555	-0.04059217122065209	0.7164017751775634
0.7156466598386709	-0.05550249450552733	0.7177957011814591
0.6961498206701922	-0.041348722683713174	0.6973767200636363
0.71290983582695	-0.005616073158781301	0.712931956287929
0.7170059036618524	-0.004855650908530633	0.7170223450016708
0.05653888874777336	-1.0025720349134117	1.0041649919865023
0.011067378757221469	0.009749645915362851	0.014749320934563345
0.6921119672742633	-0.00367396384815281	0.69212171852544
0.6845389232532842	-0.9042296314760071	1.134118496405028
0.03727454250589132	0.10164116927617263	0.10826042125749871
-0.004012545727768095	0.008609429139797167	0.009498567962099264
0.5969633152557043	-0.10254763778252189	0.6057072046590306
0.0	0.9527961921982798	0.9527961921982798
-0.022072977528492757	0.502780362698986	0.5032646515032595
0.04401851407869278	0.09369618675159476	0.10352103647803086
0.09097323369853176	0.15013394268823202	0.1755458059786135
0.7552064022568712	-0.19982344898860813	0.7811953153824401
0.8873036008568365	-0.11579763657197847	0.8948277894260795
0.004430781770320122	-0.005406639208256071	0.00699024853810313
0.0014795059176562271	-0.010498882032733237	0.010602615795058718
0.6247722132297262	-0.07009504270610356	0.6286920020454698
1.1625286968546973	-0.298845085284444	1.200325520852301
-0.0031270190900843965	0.9618582233305698	0.9618633063159391
-0.14770144739744118	0.21057688146252096	0.25721263687808904
0.4485830110245057	1.4553225408047417	1.5228888388697912
0.025345673519668134	0.027148770930381864	0.037141067959819814
0.05325783190711674	0.11582570818823695	0.12748329826590354
0.4729915816901916	-0.19812872628434602	0.5128118841532892
0.7181039837320058	-0.0029559257484001278	0.7181100674331247
0.011067378757221654	-1.204521106024347	1.204571949586521
0.5223041630016028	0.2036803756265493	0.5606133552674044
0.6871903656824603	0.07242403547035534	0.6909962659816656
0.7719436433393361	-1.3668904667544	1.569804617331746
0.01894067618205603	-1.2341132954013718	1.234258633796283
-0.1741998424685372	1.2133754504013412	1.2258162867056062
0.7196615960825827	-0.005426452825309034	0.7196820542895284
0.8721362128297336	0.14416567903514196	0.8839713325332751
0.07311260386248619	-1.2685408005261027	1.2706459835229318
0.7086541355254002	-0.0020239426084905517	0.7086570257472473
0.009090922174377838	-1.349248587067134	1.3492792129758162
0.36670752567677556	-0.3001073683928319	0.4738552964267192
0.0	0.9684635016943187	0.9684635016943187
0.17382302974836283	1.0406208848183547	1.0550385166386276
-0.12159269341425483	-0.07985683598651533	0.14547129388821073
-0.003916085761744621	-0.011754088944869765	0.012389283055013658
0.054810786706848094	-0.004162062952352575	0.05496858291281431
0.021533721659323497	-0.008086665216163073	0.02300207214186408
0.008836454839158422	-0.028890447888074437	0.03021160229610523
0.7224183820170142	-0.030240883043492574	0.7230510560695772
0.2854114887146384	-1.4345195051954827	1.4626366358999074
1.2922851833019393	1.064467752651654	1.6742438864803986
0.725432729091087	-0.00504776520286107	0.7254502907643539
0.7203442843999499	-0.001523059593998	0.7203458945383133
0.18482942249013964	-0.030478922007844366	0.18732559917106575
0.35509737079638654	0.06645812972988983	0.36126282088488054
-0.21269153934770188	0.046951509727359064	0.21781215571168958
0.20447891580990482	1.044359796362432	1.0641893681431773
-0.10954156551522021	0.4249186509959631	0.4388111376660287
0.05146885759260183	1.0323310714272955	1.0336133147053184
-0.0051598211232702544	-1.240751936682392	1.2407626655146948
0.0	-1.2456657724693705	1.2456657724693705
0.0	-1.2501891272643857	1.2501891272643857
-0.015085101318640165	-1.2293091739257038	1.2294017266051362
-0.44658826484031805	0.029026536400326527	0.44753057784746453
-0.04285270291133948	1.013491639744883	1.01439718945765
-0.03084521433854422	1.1017910590600228	1.1022227384118863
0.7207277409525326	-0.03828345551619041	0.7217437907906109
0.15272903810218624	-0.6840454517438597	0.7008882501020259
0.716137528927179	-0.01076793151653208	0.716218478320038
1.4510646505176816	-0.43047008472573545	1.5135696593899413
0.025701650352776124	1.0936507952855081	1.0939527580565263
0.0	0.7279718545838844	0.7279718545838844
0.0	-0.7323950222455873	0.7323950222455873
0.08721663647263406	0.9857496304669647	0.9896004626329543
0.015366269852780834	-0.8917099982337547	0.891842386971617
0.030209484801872452	0.07265420561147205	0.0786844747394848
0.013044608327042012	-1.0076191834779222	1.0077036174982803
-0.0038447128732500943	-0.8934739264283958	0.8934821984933176
0.007157511085807879	-0.921572955363804	0.9216007497951156
0.0	-0.862415124236255	0.862415124236255
-0.025044367548166805	-0.09034613638202624	0.09375310504216569
0.004224763793979833	-0.013212216654258415	0.013871239960219356
0.012344647239920636	0.006070987900056773	0.013756715071582893
-0.07350536412430529	0.6940028133546196	0.697884620477607
0.8494437097815721	-0.09293265578743165	0.8545121968697609
0.741361944194132	-0.02568894053714419	0.7418068845496274
0.7275379043461091	-0.03413016777415759	0.7283380194749004
1.4877631012755343	0.20609703884009367	1.5019703841739527
0.0	0.3036758017150754	0.3036758017150754
1.3041500854598227	-0.038535046365938755	1.3047192783136485
0.14204376854133613	0.7288651325850604	0.7425771432515696
0.0	0.1879165658186028	0.1879165658186028
-0.027421505482596045	1.0078388733885775	1.008211849601109
-0.004105860291627936	-0.003494321308760168	0.005391509078469812
0.020444238712076235	-0.08008557850730678	0.08265389755701999
-0.014966852629735457	-0.9854693514620482	0.985582999725883
-0.14579253411375073	-0.2657211897664898	0.3030894483386514
-0.10354819904837674	-0.14047618888970648	0.17451587082881242
0.05705005074805214	0.0012111341810545331	0.057062905081671424
-0.16453347897458043	-0.6258127392757231	0.6470802503115536
0.8271005307829309	-0.02886549786353588	0.8276040750191578
0.0	0.9730872156291773	0.9730872156291773
0.15053670323181068	-0.08973422918548597	0.17525276290950612
0.12822876102936484	0.01958351200107438	0.12971556998842576
0.0	-0.2952357445599228	0.2952357445599228
0.39176713939198166	-0.23037000311963685	0.45447973535100317
-0.000263555860229644	0.01021928556614382	0.010222683560291632
0.5649149241207516	0.019979936714263694	0.5652681393511052
0.01724375796055302	0.0602297895514258	0.06264961881776437
-0.0018433551322046228	-1.2366204230211961	1.2366217969093323
-0.22843321011342313	0.0324320437416929	0.23072401033266218
-0.08543415368828414	0.013703968601624471	0.08652625827959777
0.6932473621943505	-0.045077321901508066	0.6947113574278436
0.6644432839870125	0.026520203059336733	0.6649723293534507
0.6845389232532849	0.0020558517796128136	0.6845420103801566
0.6504004495581902	-0.015540883373605392	0.6505860925669469
0.5526238538428687	0.08783490656084933	0.559560626426393
0.7309152413611104	-0.005870142290098709	0.7309388131878592
0.167301533823459	0.2943873139893033	0.3386055136253966
0.7046513421997929	-0.018998951682732718	0.7049074224527732
0.8280920144866039	-0.027649730626647457	0.8285534937831159
0.7194042399945896	-0.002112401763613659	0.7194073413327139
-0.0018900800901011337	0.972009525429029	0.9720113630650173
-0.000586675440339625	-0.010696508555112918	0.010712585278162389
-0.002102266358052362	-0.007792553518107526	0.008071147017169785
0.3210856633231842	0.03789431260370356	0.3233140611223032
0.7177987713472175	-0.00709729557542001	0.7178338580424163
0.7196192992747692	-0.0019254104033001609	0.7196218750801916
0.7162003329976336	-0.0028611808465391834	0.7162060481047042
0.7178406985628011	-0.0031237395365284037	0.7178474951281938
0.7373241195395871	-0.00819555222317107	0.7373696659960118
1.0052719646287607	-0.31639843046924876	1.0538878923642554
0.7248977422319247	0.2294372336387575	0.7603408320435959
0.7090163973040864	-0.033940531705724745	0.7098282970821418
0.7046205085756492	-0.006662755734136003	0.704652008738625
0.7129098358269503	-0.007892921300071635	0.7129535273953405
0.6773485933522018	0.006625622335458359	0.6773809975099231
0.6952248597184768	0.007676279277595164	0.6952672369917364
0.7536150852083453	0.14881116276690212	0.7681669472306257
0.4299727665986606	-0.4767960823269924	0.6420366688428897
0.7125687266575003	-0.03264928196361252	0.7133163154050458
0.798627152890735	-0.06798277943747885	0.8015154319377802
-0.07825439455736631	-0.3758638880925451	0.38392370679548465
-0.06939823517375833	-0.006881749801135033	0.06973860857199324
0.7099888417770546	-0.2927761014077094	0.7679856776030531
0.0	0.6077156334586679	0.6077156334586679
0.7249294481027662	0.3245281210236557	0.7942551265567794
0.37680784270685763	-0.07140823069992722	0.383514387914052
-0.028160809470568083	-1.2632275061823388	1.2635413580748707
0.1170655966008164	-1.0423736508884747	1.0489266809334543
0.10506648464147303	0.8681104409277344	0.8744453692728107
0.6129187649757594	0.6329201141568832	0.8810546426662607
0.3544899508053841	-0.636547526051839	0.728598571330414
0.314226070504768	-0.5063715750174711	0.5959447922169819
0.04821495731586221	1.1898048322564232	1.1907813489342642
0.09755345605897675	1.1176951704753773	1.121944370676654
0.03241215757111621	-0.9607597040361402	0.9613062763022129
0.0	-0.9042707774620458	0.9042707774620458
-0.028652019368336158	0.9708302009580355	0.9712529110927304
-0.0008402008470918618	0.96751921470849	0.9675195795267384
0.06980302108087529	-0.9668804898840992	0.9693968967716643
0.41494304329409687	-0.31417885085057395	0.5204671742770661
-0.030748644583584655	0.9016813123704622	0.9022054467923848
-0.03063645718815854	1.1818183143562342	1.182215344451616
0.1351471920534421	1.1180476545393898	1.1261861841369574
0.03720872796052819	1.1027534626821687	1.1033810261618393
0.48871002735461905	0.17274608111985326	0.5183422608462669
0.4817645627804426	-0.027874244453083105	0.4825702720380331
0.46152426204540753	0.9586228095799804	1.0639371858825
-0.0012935199177750779	0.9852471157634609	0.9852479648870106
-0.03412709748941721	-1.2815319626932633	1.2819862831510718
0.37780426980940524	-0.924423420223103	0.9986464470187623
0.05481078670684843	-0.9570587584426662	0.9586269813912194
0.2377156064473385	-0.7227570646985091	0.7608459003768311
0.01399944851652663	0.01138526069674185	0.018044631331774398
-0.033598490201578714	0.013226114592554822	0.036108013667896115
0.008999484320438095	-0.009203366646469948	0.012872166704295225
-0.024831401056063594	-0.11944824069717573	0.12200197000072377
-0.027432686286678953	0.6295186774137262	0.6301161142913506
-0.28033658751539287	1.0084168533006568	1.0466580875914415
0.10899790274162631	0.008625921153451286	0.10933869085469511
0.04341752721616574	0.18447225785949295	0.1895127847648959
0.0	-0.34161263680379994	0.34161263680379994
0.7146357241225753	0.04287398347328228	0.7159206636569898
-0.00862104751158588	0.9638272149921364	0.9638657701255372
-0.006792100757274259	0.9755657895795271	0.9755894333328048
-0.04965628894254562	-0.8123020304948134	0.8138183678054596
-0.008686711804174846	-0.917696829126529	0.9177379414358189
-0.01978510556317114	-1.233157969864174	1.2333166783278644
-0.00991916668841471	-1.2527412550185912	1.2527805242313386
-0.1139811308126563	1.0278158318208426	1.034116570954601
-0.11502148122412545	0.8930276467210831	0.9004045307255998
0.7099888417770546	-0.0033087703397985425	0.7099965516881649
0.7232331322949542	-0.018880068570883514	0.723479523302776
0.7442118286421144	-0.00345029668070106	0.7442198266896849
0.7114800453496778	-0.0019476842940217695	0.7114827112480588
0.7082318269715803	-0.06053171981879814	0.7108139066167205
0.7184991220724697	-0.00499454873974749	0.7185164813252536
0.6896371615629875	-0.006029559136105573	0.6896635195456041
0.711154805637343	-0.025458172324118015	0.7116103400873062
0.7048821694466593	0.016257669038615554	0.7050696310339838
0.664691598778237	0.03010566431472962	0.6653730325991578
0.7075083383977556	-0.07175686136270187	0.7111378882150627
0.7125532204805131	-0.021266422148312602	0.7128705020746341
0.12282827344321384	-0.018807224067269823	0.12425979411763648
0.1938773457372024	0.015518547576596355	0.19449743059739835
-0.08302100184352249	-0.8738397635678544	0.8777746972540424
-0.004280415064257567	-0.9272702956911079	0.927280175148912
0.7152247818116763	-0.0012426436314845303	0.7152258613058918
0.7125564006814266	-0.0014939245217361725	0.7125579667385288
0.5829327685604299	-0.7884326351857519	0.980528751688331
0.4922969200548398	-0.136562019200973	0.5108869176087094
0.7327174875293188	-0.05934968829147227	0.7351172029218009
0.13589667507872116	0.8170511848698051	0.8282756455399398
0.04196273204217998	-0.00507249022141657	0.0422682036227016
0.0795069225125127	0.003242775029036402	0.07957302506062995
-0.02865201936833636	-0.009256388825845174	0.030110113715805745
0.003700917247850175	-0.050430024684733725	0.05056564227000669
0.5140950018779802	0.6523521112999163	0.8305762746872672
0.058789960708590355	0.9588364024359107	0.9606370314100728
0.7460918361394134	-0.05571957936976038	0.7481695659935818
0.3744208733311834	0.5228928254538165	0.6431235474597098
0.030070249897361005	0.10031919274220923	0.10472898529699533
0.1471455975091441	0.10949535390603418	0.18341499228070401
0.35685080198163205	0.1307105203046009	0.3800364916599897
0.37438362458472063	0.5265686755247615	0.6460941637262285
-0.015085101318639878	0.006930865429471069	0.016601119763289096
-0.009247223051497997	0.02938598460858756	0.030806610095567167
0.0035309074272797027	0.4758998371744174	0.47591293566144743
-0.9490487665172147	0.5798013098722756	1.112143480022903
-0.07616012750211612	0.14596184745734542	0.1646366482114476
-0.07322980717867267	0.14683177843211984	0.1640797849125989
0.19392760133044773	0.01536206009945865	0.1945351059533483
0.07734316380968366	-0.17223053489299459	0.18879968786419798
0.13040454148184985	-1.0430503896360435	1.0511705188783567
0.34291665862474024	-1.7719118729869847	1.8047890514945508
-0.02243255307763023	-0.9041063335521645	0.9043845873336843
-0.2834901992494659	-1.1878392785458811	1.22119975627532
-0.10083251432283757	-0.026721742241597214	0.10431321801714107
-0.011077994766753134	-0.04983514916448306	0.05105158234862546
0.27323173646109694	-0.8906496482595007	0.931618150185106
0.12877410209154536	-0.9078862980271392	0.9169734453706427
0.016269152349396514	-0.9446114554731885	0.9447515478311446
0.08551829253273362	-0.8843193248120007	0.8884447346873451
0.05066154734526828	-0.06265528214971122	0.0805746657497056
0.057545771371380686	-0.10868457897160531	0.12297907752525357
0.692111967274263	-0.6652248368553064	0.9599703426738868
0.4972444922120419	-0.909560726938773	1.0366063867373192
0.4608209732467233	0.11328360168926481	0.4745409822088596
0.31902659008578055	0.41358635673312294	0.5223328820374404
0.7227182916271081	-0.007647973452835793	0.7227587568133236
0.7170059036618521	-0.003830205857225817	0.7170161339627288
0.09191355160920295	0.027079600345438274	0.09581965207767285
0.056538888747772416	0.0019438873752114717	0.056572295684022694
0.6744624919127308	-0.06676265324405425	0.6777587364728811
0.6205138154802519	-0.1860206241095019	0.6477970884435562
0.7080814162610566	-0.009996481765666058	0.708151976416048
0.6807946162293289	-0.022841238043605962	0.6811776799354218
0.7122174967924655	-0.009994739064379825	0.7122876227664571
0.7168072845840597	-0.0032679426746867043	0.7168147338623128
0.1225953681578811	0.006458182717688823	0.12276535512017003
0.21574989598706817	-0.11974241381026958	0.2467514200233518
0.8805405557630821	-0.07977587943388892	0.8841469681467035
0.672884392811347	0.26659540165469736	0.7237724188393231
0.674007502857904	-0.006801565073925609	0.6740418200647511
0.7207662844911418	-0.007242712956147327	0.720802673240139
0.7268713895444778	-0.1955615565878804	0.7527192965198878
0.4474319379687691	-0.42256834817897687	0.6154342759362672
-0.019994762961750463	-0.01965743906706232	0.028039355494944174
-0.062386961405768146	-0.07077641693552537	0.09434741198186693
0.7838421009232487	-0.02055038958869838	0.78411144468884
0.81988754254524	0.24776715790477424	0.856506945072299
0.00482787040248355	-0.021819081107527685	0.02234682601623882
-0.009134225951946084	-0.02615690043410709	0.027705911355900153
0.03209772863602465	-0.037118492296650124	0.04907185195168765
0.08779983451749783	-0.06331733632287002	0.10824923103802372
-0.013458629674840706	-0.006066145287914515	0.014762548268459288
-0.004615322683341013	-0.02597646933969185	0.02638329325211909
0.0036528737103628623	-0.015963507146281152	0.01637611207684014
-0.009796417212021876	-0.017554590059916452	0.02010306997360642
0.021526669449221984	-0.018581938005772885	0.028437403496565115
0.011831046414474234	-0.029066332620847027	0.03138192714425231
0.7171437872992575	-0.03950251257470808	0.7182309239803294
0.7143014881961385	-0.044363549712938696	0.7156778189816634
0.6977800069457563	-0.041330139756692565	0.6990029460206355
0.7114884515298859	-0.02437187891719384	0.7119057558008287
0.7137335431597163	-0.0037590781560486353	0.7137434422114894
0.7174248226801011	-0.00630624509993495	0.7174525384475512
0.11565045815188789	-1.0500619702964455	1.0564114586341795
0.03410815757944317	0.013919351672120639	0.036839038592725165
0.683813424097219	-0.0043640517926664445	0.6838273494995737
0.5830141579989125	-0.7835268209630181	0.9766369784088632
0.06248070845413805	0.062436647193122696	0.08832991476079592
-0.0008555163845744247	0.007693229789137988	0.007740651966905335
0.6348814970689083	-0.11808701792920645	0.6457701287020567
-0.029833593965215115	0.9603295709137635	0.9607928643054623
-0.11763418776559013	0.5203922180254072	0.5335221295435393
0.03720919243779296	0.11951760947199844	0.1251758082689057
0.4009126484759025	0.4083973668130668	0.5722930725841517
0.5839997726760007	-0.3758638880925445	0.6944993857863845
1.043596863154674	0.07265420561147216	1.046122863902376
0.020444238712075836	-0.01662383546087002	0.026349929828111875
4.269441566209985e-05	-0.008428852398143151	0.00842896052682727
0.5839997726760007	-0.2606177915801332	0.6395133835767053
1.0027480950699743	-0.5911278538575784	1.1640171312196093
-0.004105860291627847	0.9566756747656112	0.9566844854898463
-0.23701381237039482	0.2377466230997102	0.3357067232714656
0.3346687689952443	0.8408045289865278	0.9049615687447998
0.06095753377295384	0.06088168133763266	0.08615335191493048
0.1531309266899544	0.04605571473650287	0.15990687780334625
0.3871205202570163	-0.08491536168213037	0.3963242559491786
0.7195530757790375	-0.0010124417400191872	0.7195537880529503
0.03354773953447834	-1.0633218510516398	1.063850933990171
0.4887100273546196	0.4428273145759958	0.6594948986698388
0.7489752095806402	0.11817712675888822	0.7582411871267284
0.49462024373493635	-1.0958069525604586	1.2022653878375802
0.03605943464211553	-1.2568928485682636	1.2574100029858013
-0.0009531687969620326	1.0564469827363199	1.0564474127297723
0.7178092082424333	-0.004412798781515344	0.7178227721594761
1.0474754065691938	0.08391656034460024	1.0508314405590302
0.0	-1.2266272243210796	1.2266272243210796
0.7098971464943331	-0.006434901745733363	0.7099263106557425
-0.21269153934770205	-1.5909579879145328	1.6051121487980688
0.1806728967269991	-0.1730065773790654	0.25014789910799456
-0.0018941267391296532	0.9693870954189957	0.9693889459246897
0.06495780676013788	1.1059799280337395	1.1078858776393004
-0.1927632509651598	-0.09966772296826992	0.21700535920648822
-0.0007494791160308803	-0.010866792431208342	0.010892607432948887
0.052518750627642656	-0.015281193719399419	0.05469674623758097
0.03241215757111661	-0.007495154107294439	0.03326748102136656
0.013933196286907071	-0.027804392677942928	0.03110013200870259
0.72034428439995	-0.03147992414153904	0.7210318118444103
0.18245198962740336	-1.0503882859116376	1.066116447532532
0.8277616753013742	0.49874293453166735	0.9664025588971693
0.7260270404753536	-0.001660192046842639	0.7260289386374575
0.7224183820170141	-0.0011417795229551036	0.7224192843055613
0.3489154808826912	0.08114389163341072	0.3582266656029592
0.2507333447890113	0.10690539373918323	0.27257287722665113
-0.1454596181413367	0.10826917616060548	0.1813304029012226
0.12282827344321384	1.1218640046393424	1.1285679552700685
0.027542339908034397	0.4005431243412475	0.40148894747509273
0.07888853280624956	1.0708601079446345	1.0737619714794882
-0.0023026311797213262	-1.2388598026855817	1.2388619425991374
-0.002608305880561054	-1.2433868923224305	1.24338962809684
0.0004253714491725477	-1.257587792833758	1.2575878647734133
-0.004047992037739295	-1.228905475339191	1.2289121423267737
-0.17728601036839114	0.3171748470533217	0.3633596194896171
-0.08111081368896932	0.989918642622917	0.993236066154308
0.0	1.0851138299602188	1.0851138299602188
0.752924790417927	-0.04173535377068364	0.7540806188864978
0.0	-0.7032623914851188	0.7032623914851188
0.7186899145706207	-0.00887091679188759	0.7187446601333848
0.860798136365924	-0.45519676873679177	0.9737440782050816
0.0	1.0564035341202098	1.0564035341202098
0.17191262592214496	0.6476430231745426	0.6700712174225277
0.14178989549435633	-0.7903203755047207	0.8029387712660432
0.0	0.8906869286737233	0.8906869286737233
0.03260031232948688	-0.9146699698749016	0.9152507493331723
0.041488882874699595	0.031562855495470415	0.05213004171510405
0.004043867594466981	-1.0956172207720907	1.0956246836017713
-0.016668434967580508	-0.8920892150483916	0.8922449239586202
0.0	-0.9087030627538466	0.9087030627538466
0.0	-0.8054643000025565	0.8054643000025565
-0.08347694155317616	-0.021819081107527904	0.08628135413546353
0.004043867594466496	-0.0051597853767761	0.006555627373178613
0.003530907427279399	0.004523656722636069	0.005738534429997552
-0.18243146608266114	0.7714752880700039	0.7927517643750561
1.0027480950699748	-0.28788134558122946	1.0432542409691525
0.7462391499357036	-0.010409719496072493	0.7463117519889048
0.7143001509097358	-0.01914952144541347	0.7145567925373459
1.0734880771930098	0.03450823560974989	1.074042583048011
0.1797422623125925	0.20976789010181665	0.2762423728884051
1.2093062526254934	-0.14508361828669478	1.217978189022395
0.2836366737895569	0.8166476426788483	0.8645016685995021
0.1842819277410871	0.08909282132976609	0.20468844545911444
0.02734680334733286	1.0375672131364828	1.0379275357312403
-0.008339216947748026	-0.009210109911515562	0.012424518658032797
0.004430781770320264	-0.09574418205113448	0.09584664951753392
-0.05721194786084173	-0.9623660778207117	0.964065181778728
-0.5388902191420117	-0.005159785376776189	0.5389149206248235
-0.04193947962956429	-0.1691886130568529	0.1743092273509929
0.04964947871780971	0.017695626909536827	0.05270868949871324
-0.24071117871024267	-0.8119719998343383	0.8469004664487139
0.7742184498647182	-0.0458874683437188	0.7755771192227907
0.003934122756049289	0.9808246714987977	0.9808325614204415
0.08372641136070949	-0.14508361828669528	0.1675093079637733
0.1472044264097365	0.04320235799691732	0.15341312489846928
0.1764794973070779	-0.4427113918906604	0.4765903791302598
0.5025567284151676	-0.5911278538575784	0.7758836284402598
-0.0014939303243252696	0.016074594042146007	0.016143865752468785
0.5441268263569007	0.08934296724923509	0.5514128842873828
0.07232194476799142	0.07062152639906828	0.10108344911981734
-0.005599887263072134	-1.2421735464090964	1.242186168871603
-0.23406403730326347	0.11817712675888845	0.2622056575432534
-0.09086831133982025	0.0714954329711092	0.11562286513262363
0.6992354993200814	-0.024813892138102304	0.6996756482488475
0.665501865887173	-0.007628268177642614	0.6655455836940839
0.6829255371784632	-0.0018817634903521066	0.6829281297210754
0.6348814970689074	-0.05488722121628452	0.637249654667072
0.7196192992747692	0.14256122488560957	0.7336045520098653
0.7232331322949547	-0.01749187525388825	0.7234446277007446
0.31887766488165803	0.4065852162986211	0.5167151084233704
0.7098971464943334	-0.011801643603475754	0.7099952375844085
0.8091510315786821	-0.09966772296826888	0.815266242957799
0.7187477827608645	-0.0056040741988111036	0.7187696299032706
-0.005361938301988421	0.9712605722528975	0.9712753726906599
0.0009086485841825783	-0.01080721868326473	0.01084535005970039
-0.005264843218008354	-0.007029033407910662	0.008782134407974679
0.39463822048380537	0.2401726293640797	0.4619764246823426
0.7157481848376599	-0.006404632807211266	0.7157768391194285
0.7175341544592709	-0.003659360666593526	0.7175434856063214
0.7148845792403666	-0.002374613574339384	0.7148885230756635
0.7171437872992573	-0.0011052649008595277	0.7171446390181156
0.729101151323708	-0.01327863727229149	0.7292220588197847
1.0649062204320443	-0.14033891137548368	1.0741137129563691
0.8322073573898336	0.4083973668130671	0.927015369297412
0.7112898337349524	-0.028245103486099127	0.7118504150772385
0.7109411415542178	0.004648782466309685	0.7109563403844384
0.7148045905825486	-0.005754803999207767	0.7148277558174098
0.8322073573898343	0.1911457776456339	0.8538769197053668
0.6934701915094711	-0.005086395422345754	0.6934888448494143
0.6875330438198768	0.07711676383409999	0.6918444056350163
0.5730484003670814	-0.572925317702525	0.8103257917824225
0.7235191575513243	-0.04745450975597851	0.7250737216586727
0.7104057835052839	-0.004302716180619999	0.7104188135207902
-0.1883575672529426	-0.19982344898860777	0.27460514180755885
-0.04132944177653518	-0.029457651076722196	0.05075308822641164
0.7006040749339586	-0.5036940296543186	0.8628752779651724
0.15793341421975116	0.5017119608424143	0.5259827515988027
0.5993065029818634	0.3611895068219062	0.6997329092979707
0.5505541459540588	-0.18444024117243613	0.5806273074795479
-0.06668845084833362	-1.2705749950527787	1.2723239239792354
0.27568909314567985	-1.073434079867115	1.1082712663872718
0.0	0.7841256301476773	0.7841256301476773
0.5541350822699783	0.4355985905869029	0.7048487933760346
0.44169631055283265	-0.7816717549008799	0.8978342626374901
0.2655171242243243	-0.7193425395079138	0.7667809546422302
0.03633888261167994	1.139803898141753	1.140383023641005
0.12822876102936517	1.1693263057232586	1.1763361018057423
0.021533721659322595	-0.975045442934938	0.975283198336099
-0.006403961937080827	-0.901674342076079	0.9016970832196484
-0.0557207946660853	0.9954240010689567	0.9969823212386216
-0.0020094584032809004	0.9654943632386881	0.9654964543532795
0.05057438180142414	-0.9334617587621369	0.9348307992176434
0.3608238179562659	-0.5581700348403016	0.6646409672884752
-0.057914237703192734	0.9321113068512686	0.9339087467674354
0.025345673519668228	1.3543444894982772	1.3545816326085758
0.12861913911375264	1.0756689810148539	1.0833312695864996
-0.002149665289333433	1.0862140642371647	1.0862161913760426
0.5223041630016013	0.07129407364459778	0.5271474970306173
0.5441268263569019	0.06719002766672816	0.5482595215580753
0.8271005307829312	1.2355255059297467	1.4868149057042586
0.018348449444316784	1.0059978866955117	1.0061652019588265
-0.0027915592015536122	-1.2724449312844244	1.2724479934182769
0.30456610803480355	-0.789111404058976	0.8458471033108739
0.04431904897534359	-0.9549268084352308	0.95595469953883
0.1368421948960516	-0.83140627743157	0.8425925376221829
-0.006439009345880822	0.01670062172927378	0.01789892755168957
-0.06668845084833337	0.024313391847322823	0.07098232526250489
0.008367796435507786	-0.02065154467282086	0.022282421649354282
-0.0031766615162701953	-0.07586676546015404	0.07593324225775543
-0.11718913296376866	0.5213010547130685	0.5343108482239132
-0.56304615652374	1.5913528027051376	1.68802390891055
0.08508499809172965	0.04774915610088405	0.09756761147335846
0.06347382728884371	0.33666649143272886	0.3425978009332775
0.0	-0.1145415719918539	0.1145415719918539
0.6039353713773803	0.07695609246777009	0.6088186700230556
-0.004576654371439856	0.9686868801033759	0.9686976914650142
-0.006085899769964886	0.9683771113833395	0.968396235033548
-0.17642637834145755	-0.7464702782781232	0.7670359465678918
-0.01584558453458761	-0.9074768889324979	0.9076152194051441
-0.00818524498682391	-1.2415982015132419	1.2416251818630335
-0.007194501613638128	-1.2458436595305453	1.2458644327718527
-0.09378582590363428	0.9413545606522041	0.9460148994604318
-0.06310412538498728	0.9454094419480153	0.9475131363548803
0.7070799085500247	-0.009252957437217088	0.7071404487769358
0.7156276540797573	-0.012554584293115664	0.7157377710240459
0.7354386553060215	-0.030967104991267213	0.7360903323029513
0.7144881713750123	-0.004920069876110802	0.7145051113339881
0.6671627958364738	-0.07226454395252158	0.6710650940564605
0.7178014367271299	-0.0043864133383508894	0.7178148390702903
0.6897002141435102	-0.017673200970620792	0.6899266101710759
0.699654271502711	-0.025056876220783852	0.7001028115055195
0.7123098699007269	0.04673408461969651	0.7138413166966671
0.684709122287839	0.001956141915204814	0.6847119165279477
0.7573496768346415	-0.06992779307091021	0.7605711204386504
0.7263384766498416	-0.02191886629460503	0.7266691264679224
0.12042374047157406	-0.05865005897348553	0.1339466561238404
0.1761868477968291	-0.027215604247642813	0.17827645512278772
-0.11146203140056452	-0.7949659643712044	0.8027419690987755
-0.03589709865333688	-0.9178635032522687	0.9185651921852117
0.7141243926619307	-0.0029052244156806913	0.71413030220239
0.714143927662863	-0.0029225271475866762	0.7141499076403139
0.7712198186538767	-0.6354301406513017	0.999275473697144
0.5699733053150786	-0.00944661289894114	0.5700515829879418
0.7260270404753533	-0.03454418371025881	0.7268483776755702
0.22569003153725495	0.9189579296549307	0.9462661712282457
0.054091754589764965	-0.0165308930197057	0.05656136789919701
0.0627981857642115	-0.009327046441742197	0.06348705325184681
-0.041414667809503494	-0.02941040726709161	0.050795145096630245
0.006206848956581014	-0.03556963581311195	0.03610711793881127
0.3176565522675095	0.5864676426632804	0.6669707498005487
0.0911697485443845	1.0096296050531748	1.013737570799009
0.7210256737583496	-0.05051840604406502	0.7227932841192667
0.5646560672287567	0.33223442862929903	0.655145930175013
0.03700895746938544	0.06896523101359299	0.07826791182680824
0.09078509116606341	0.08812086531900194	0.12651964148937558
0.5167827438538182	0.08340151336883309	0.5234694038597602
0.3590310634923979	0.29661780753672456	0.46570959653025795
-0.0091744956394214	0.012950760257154073	0.015871155013925223
-0.0057922660867642155	0.014581373086336653	0.01568970323182761
0.012344647239920766	0.4006623534104922	0.4008524812894542
-0.4243645956748334	0.7214402073786006	0.8369953900020854
-0.0076325212319044294	0.1477659009161939	0.14796289012428052
0.009512437022196405	0.24731640702098928	0.24749927603908842
0.2861930755291301	-0.07586197772436026	0.29607687539737665
0.15482718546811503	-0.07030429555075968	0.1700416164733406
0.2436346126239411	-0.9114046697558909	0.9434067503051176
0.17277593362344656	-1.3978058752897604	1.4084433919167738
-0.06192425358412324	-0.91635834115239	0.9184482688652152
-0.1692658055336235	-0.8730943727399173	0.8893507163279603
-0.1174742647074783	-0.0824175745552421	0.1435021235526902
-0.024875247655889714	-0.038443192136265	0.045789266947262146
0.22254217240731072	-1.0089517537919892	1.0332031068380003
0.14673942844012697	-0.9671626189821813	0.9782310521627328
0.03933505878780338	-0.9401980417441506	0.9410205122893844
0.0575565331425717	-0.9160334518024305	0.9178398767369327
0.0116908409740073	-0.05048663801541947	0.051822547030993434
0.012718032123152954	-0.21836621919311147	0.21873626591349582
0.6860539369707027	-0.783603281505943	1.041491290035535
0.5646623338848918	-0.9958310953838014	1.1447808182537105
0.5137960444297153	0.2986577734188943	0.5942918819024483
0.4700595248165029	0.3748887197056612	0.6012466291242441
0.720123438241696	-0.005738610018126992	0.7201463031565057
0.7160600022898008	-0.004709865033837975	0.7160754916263414
0.052833572017926586	0.01996479110708451	0.056479900992503135
0.04942144317153097	0.0020984420866623434	0.04946597319721852
0.7220707374668206	-0.051886694756222616	0.7239325790421395
0.6764846706566001	-0.08141903181562091	0.681366691565681
0.7015994515031161	-0.016158012614334832	0.7017854883945082
0.6939694436110645	-0.029402568940654374	0.6945920383406078
0.7144845530894548	-0.006406887130815093	0.7145132782574057
0.7157009739558471	-0.004920140929194611	0.7157178856980669
0.22589887452192098	0.002794306740028189	0.2259161562625125
0.15624746492109387	-0.39927836895087054	0.42876157267919424
0.7779400905637646	-0.246269848480924	0.8159899648752891
0.6045690722313549	0.10617631749877282	0.6138217766553101
0.6375306090125166	0.061340733975672725	0.6404747950329853
0.7107455804273666	-0.02395706028497472	0.7111492254334052
0.684541336489541	-0.38148214175226697	0.7836615760893114
0.6033809200666931	-0.539099180308843	0.809133154005072
-0.03313789432192853	-0.020658650696343775	0.03904996656445237
-0.04407314953175807	-0.04142179428883376	0.06048311790702566
0.9082867430065756	-0.06185873237763171	0.9103907459398193
0.897495607091209	0.10446176533488571	0.9035544395136901
0.010499144457401844	-0.023828964476555557	0.026039423618089908
0.002993854703530788	-0.02892394188327737	0.029078472794372475
0.05020466292294776	-0.02565080254700976	0.056377937622020965
0.06724034139851322	-0.028223300356677406	0.07292337207241474
-0.0072509311666554685	-0.010059868233297088	0.012400683515632335
0.0013139349475307348	-0.0208084312997302	0.02084987381741036
0.01081355159088497	-0.01966259321891372	0.022439930260613614
-0.00803994024664751	-0.011659424626518209	0.014162726495668894
0.013955595591455818	-0.019161016658210104	0.023704497625734785
0.013584584102684922	-0.026415513121430374	0.029703876156343303
0.7142752385359106	-0.03787721701132748	0.7152788267200807
0.7097335418027877	-0.040836770718631905	0.7109074076155456
0.7092073424162818	-0.038940350690117996	0.7102755841566248
0.7079292416239658	-0.03889190799988088	0.7089967501012642
0.7148045905825487	-0.004654296423343819	0.7148197431472367
0.7160600022898005	-0.00592829923304043	0.7160845422232388
0.04942144317152948	-1.0602201473718178	1.0613713958545687
0.033547739534478364	0.004518471231499878	0.033850663363412754
0.6860539369707035	-0.001208062727593695	0.6860550006002112
0.6829255371784632	-0.7834966279344364	1.039352805987998
0.01143690461230502	0.06714895162190064	0.06811596355503838
-0.001984659927212828	0.008777721815042968	0.008999293043843257
0.6092265127391803	-0.10101809594999693	0.6175448158099178
-0.029905223855951964	0.9627328889229546	0.9631972476226314
-0.015779258669370144	0.5196398525084803	0.5198793718923556
0.056367257176672333	0.09426026451838547	0.10982834401326971
0.09659302712579572	0.2469494999380652	0.2651683774679499
0.7540876136854243	-0.16874251027185855	0.7727368011727059
1.161664279514939	-0.09727199467236199	1.1657297024818842
0.009161072664579545	-0.004286774868952304	0.01011442984763786
0.002931626674699791	-0.010009855874692128	0.01043032356122857
0.4188306492760313	-0.11627738474804952	0.43467176464181323
1.1735756209684527	-0.4523304890650643	1.2577291478968473
-0.0026770411303879294	0.9583099034073396	0.9583136425606171
-0.18451701225896183	0.20053190205778543	0.2725060945298052
0.4819760996543433	0.9347421671194799	1.0516862077774127
0.06621614052698374	0.013138529148531851	0.0675070234455355
0.1536557645691486	0.062034458543419886	0.1657056668678078
0.5305720445391565	-0.18518951910049194	0.5619625009118777
0.7194717363277506	-0.003733836103931405	0.7194814249906104
0.11837792058347381	-1.1875802977314016	1.193465665882966
0.6836658344885571	0.20542342286872456	0.7138611601075086
0.7763045653044737	0.08612559858572795	0.7810674726579758
0.5151104808774005	-1.265042747758938	1.3658960286812576
0.020367118881682286	-1.2703571850416744	1.270520443408349
-0.0006104646876423268	1.120415127588648	1.1204152938962504
0.7178528532877477	-0.004779442593884707	0.7178687638035721
0.8578030828667557	0.04404602628935767	0.8589331646918711
0.06525825919468728	-1.167865950521579	1.169687786881949
0.7098178918845078	-0.006506562651433411	0.7098477125390374
0.011637451348040175	-1.3967500617747077	1.3967985414301978
0.18073163463433076	-0.1783809613278585	0.2539363918816052
-0.0018906044015278953	0.9691489388130775	0.9691507828957873
0.20101404839850734	1.0646304138885232	1.0834410763073392
-0.18121837405226995	-0.10653855049475296	0.210215512833072
-0.0029144282789993355	-0.010672979909700347	0.01106374223968989
0.052777670976980696	-0.002973742576552535	0.05286138192164514
0.030022969204959074	-0.0059386662648810516	0.030604679983420136
0.009643064762825464	-0.02791735898460331	0.02953587023764929
0.7196052209970331	-0.030869314372712123	0.7202670259397067
0.4659908471805921	-1.0539650514595296	1.1523843973927166
0.6404779280024064	0.5939720402373634	0.8735071612997753
0.7248608082956784	-0.003150957966742905	0.7248676568444563
0.7225321611541694	-0.001282575842443756	0.7225332995114524
0.18950787727031998	0.01808787599609178	0.19036913301675945
0.2671486115028062	0.08109276990193448	0.2791852753249092
-0.15217456662690573	0.018351092156643888	0.1532770736653992
0.2020014366763505	1.174149228769745	1.191398754338738
-0.04737091857334682	0.27771597886762606	0.2817271176952733
0.05134825251226318	1.0501575943706987	1.0514122008282556
-0.0009645588535973543	-1.2404551168639621	1.240455491876983
-0.002607113538445361	-1.2432974170587499	1.243300150529212
8.816822096616621e-05	-1.2502342139432585	1.2502342170521301
-0.002921514508941799	-1.2301735376331089	1.2301770067513795
-0.23390383736830936	0.3181012615146915	0.3948410030795417
-0.0431011971205272	1.0107852614558674	1.011703789638859
-0.03288174328552502	1.0625123835394699	1.0630210601000436
0.7529588109373111	-0.058841050460378005	0.7552544208327483
0.14944797166753937	-0.6199010429401749	0.6376613515604174
0.7164860825812186	-0.00902195251970324	0.7165428822895729
0.8483687337025573	-0.42359871684820727	0.9482433133112662
0.025844393451497725	1.0757678109772082	1.0760782108227869
0.172053953223035	0.6256290131694318	0.6488560895445394
0.13593582136280652	-0.857457801555785	0.8681661298268096
0.08752684183331967	0.9514967534014638	0.9555140081520737
0.02666690626026636	-0.9201257393324072	0.9205120857824207
0.013524541911755707	0.02746911816293519	0.030618061443731748
-0.06812397187858123	-1.0246222915274767	1.0268844705416142
-0.002853946357271717	-0.890706205329891	0.8907107775383568
0.004426403714781078	-0.9051463317099154	0.9051571547846057
0.057723813363521094	-0.8473490038826917	0.8493128828707455
-0.026132176962975796	-0.09035185068260891	0.094055024292149
0.0028819095224618323	-0.006279445677204189	0.006909185227551406
0.001397431890836995	0.006301553003004663	0.006454640666931456
-0.027712291098191	0.7719264911035447	0.7724237688894237
0.7396801810645118	-0.11221748213804406	0.7481440593609169
0.7412617019496848	-0.013554323914942103	0.7413856152328115
0.7313738632226074	-0.019098917787465884	0.7316231929523651
1.0291651340709775	0.3707199905266185	1.09389861713204
0.17823811913345308	0.18128154639959365	0.2542279020431452
1.30515311291264	-0.043974716836892025	1.3058937260996544
0.14360030915974906	0.6946507941974976	0.7093382653360735
0.18342333310161663	0.0602249610992281	0.1930574139097231
-0.026595256533472434	1.0167531636502039	1.0171009308140364
-0.007814897570453143	-0.0015724537077800103	0.007971526497464932
-0.008201251684528883	-0.08011330385410403	0.08053199354053635
-0.008535745169910541	-0.9566956130488559	0.956733690727222
-0.26072216904887213	-0.2869084382576288	0.3876757683644675
-0.06666391196294776	-0.13940628410816386	0.15452569109067188
0.06590579915101528	0.01066308421292923	0.06676283192515119
-0.25152382039707843	-0.577332958901075	0.6297440572650227
0.7738604294938052	-0.010237928733407124	0.7739281488103963
0.002687408148158333	0.9709232775310441	0.9709269967480457
0.04592831130999612	-0.09918276849551734	0.1093006465956323
0.14906097609478292	0.004521895913502212	0.14912954816863758
0.17414016660253773	-0.4038709477124912	0.43981421081013905
0.17417832921255821	-0.25555961847786224	0.309271416338188
0.0037899844303038305	0.010121292139447019	0.010807614748591729
0.6162417606468419	0.027976518754602952	0.6168764812883907
0.030583863400012436	0.021487616529347765	0.037377672005930486
-0.009899421819965351	-1.235961336419755	1.236000980451422
-0.22434593671757805	0.12364564634826361	0.25616273183772736
-0.0799599029920554	0.07653655569468096	0.110686180005021
0.6997857849428061	-0.04776971837982442	0.7014143502966752
0.6279489485949203	0.014884506416499677	0.6281253303065629
0.6807167667291867	0.0006759771245430223	0.6807171023643456
0.6518407004688336	-0.04538262521444206	0.6534186111973351
0.5614366741617226	0.009693317138848832	0.5615203464621122
0.7311688881605676	-0.01126125681028943	0.7312556043675207
0.16815624271253687	0.31469828680034573	0.3568074181940032
0.7153751023858689	-0.014892225310454824	0.7155300940479651
0.8307443316821314	-0.07478503610224	0.8341036783558771
0.7200883612736754	-0.004019086977403011	0.7200995772127207
-0.0018034567138156704	0.9731247911254758	0.973126462264345
-0.00028860360557774503	-0.011585646099833731	0.011589240164555441
-0.001986844147706084	-0.007682143201406493	0.007934914859920672
0.5619233952193118	0.09831940052842283	0.570459995630778
0.7171122122795306	-0.0051353940684673504	0.7171305998719347
0.7173639285096123	-0.0007773337924788376	0.7173643496679836
0.7162610280482703	-0.0028036530565028568	0.7162665151821815
0.7175292819017319	-0.0008873454027553401	0.7175298305772931
0.7301614310084225	-0.0020236872791661374	0.7301642353898683
0.9953394484313506	-0.19566593643628086	1.0143893612834827
1.0027046544134486	0.26986831298137975	1.0383860218309033
0.7156054145867902	-0.031854329531485905	0.716314042648776
0.7043098758944042	-0.0001864597234913492	0.7043099005761736
0.7162053638566919	-0.007905918476949617	0.7162489977403532
0.6671911389736311	0.032916778846955846	0.6680026424009045
0.6959630027001115	-0.003415602493762924	0.6959713840868392
0.6259095966099798	0.14149206785066665	0.6417030687110085
0.5554810358875342	-0.6472638398787466	0.8529417680271425
0.7212807963317628	-0.03553037269508297	0.722155381161723
0.7908730463788414	0.04498463698560158	0.792151370038123
-0.15207554181102356	-0.16995416224402415	0.22806005279571534
-0.07178151429980396	-0.04554471795403505	0.08501121766382107
0.5491380466420168	-0.37651176197668357	0.6658180691274431
0.15774999206016097	0.522721926812976	0.5460066600015526
0.6072078173406552	0.43848621258125786	0.7489803015189775
0.5505118524096543	-0.1791633912644172	0.5789324834666609
-0.03007484870929843	-1.24346208285587	1.243825730568855
0.16128842446529754	-1.201970966593084	1.212744062199115
0.10382429012179904	0.8803663008856789	0.8864673186048255
0.4844819959604395	0.4560218807352397	0.6653410855486954
0.3824675767593978	-0.6409455552859072	0.7463863959859972
0.1537006451293023	-0.6554983477745662	0.6732770397454155
0.049819367025507835	1.1520679672701657	1.1531446442406235
0.0971799875634479	1.1421312448387604	1.1462581430113237
0.011142119503967957	-0.9682848295864249	0.9683489340285621
-0.0063089834845502955	-0.8996609174630942	0.8996830384547353
-0.02376159513141614	0.9724625401658835	0.9727527976978899
-0.000756405595924956	0.9669583446906651	0.9669586405407092
0.08088924295030231	-0.9269162306932757	0.9304390191451039
0.1844992493057876	-0.4711604043115609	0.5059961458207293
-0.00968089622737381	0.9271819961987352	0.9272325349268309
-0.04377787006524467	1.2628430136657383	1.263601590324978
0.13551330473990403	1.0807046696629594	1.0891677734825136
-0.0023662473164922223	1.120515916380163	1.1205184148364717
0.46395907749705395	0.17764554931158533	0.4968057636361843
0.4763792935577278	-0.005261003816468842	0.47640834322219494
0.4630847022293449	0.9404593029070509	1.0482896268986244
0.029869692434557404	0.9930199589058154	0.9934690922778838
-0.03341454650679046	-1.2971308839815803	1.2975611978234747
0.3601756579021272	-0.921746756618434	0.9896178999400894
0.050527416084997605	-0.9585053655290006	0.9598362128634809
0.09669808738972867	-0.8078448083345326	0.8136115501010844
0.005562246801695929	0.028639036769280153	0.02917418407693962
-0.04130865922841337	0.008966369553562583	0.04227057026135601
0.012698980159650085	-0.014387341133627827	0.01919009332938654
-0.0029332287570342903	-0.07585268434504534	0.07590937724214433
-0.19287560922365438	0.6307738300591534	0.6596033848616073
-0.3144355242255057	1.0100944178062186	1.0579037913620748
0.10984369151243821	0.06053227904312209	0.12541847300630832
0.1763765400726756	0.19365503400946935	0.2619369315030183
0.20822728664580722	-0.23659294781100365	0.31517427854724356
0.7043250761514793	0.1399764970445629	0.7180997372375607
-0.008366827449627082	0.9632793721295584	0.9633157076326992
-0.011793127330585398	0.9739481200062263	0.9740195163937415
-0.020333273568672552	-0.7414429150925209	0.7417216717576166
-0.0031404440730325033	-0.9124720831105836	0.9124774873086697
-0.014601870745530425	-1.2478978851615738	1.2479833117554089
-0.003548755380743303	-1.2479375910845434	1.2479426368654312
-0.1517385199285112	1.0208846031665306	1.032099777837676
-0.1050186089560538	0.875813805703213	0.8820877113345418
0.7072784235293658	-0.0017185415003137087	0.7072805113779632
0.7156062515018884	-0.012830944344568683	0.7157212727880576
0.7437303531962335	-0.024764713610551263	0.7441425463616543
0.7127639646164149	-0.006456319912727186	0.7127932051601821
0.7079977827042426	-0.03671378251408152	0.7089490546863119
0.7178727783143432	-0.004805746507816493	0.7178888639923672
0.6932530138041111	-0.012718084421400586	0.6933696639021878
0.7114991561615571	-0.019260644169216773	0.7117598061371695
0.7107044157157388	0.010419964207796822	0.7107807975543103
0.6855604812268056	0.012919130626877167	0.6856821985118788
0.7094180329938529	-0.11971950536015186	0.7194488901239244
0.7123335687504787	-0.029810414337909562	0.7129570632035219
0.11918960328700326	-0.015413853185335917	0.12018214676786361
0.15551817204095106	-0.014587535992135834	0.15620082599423318
-0.09479189997307862	-0.8711869396067565	0.876328812742051
-0.0316623190933794	-0.9252250290741103	0.9257666319735007
0.7143068656234526	-0.0007239568165228384	0.7143072324919252
0.7113060317855363	-0.003563767568260138	0.7113149592787761
0.6126730937755469	-0.6810033199968464	0.9160424890163268
0.6019115052665387	-0.016541591939140215	0.6021387584569785
0.7518030871819318	-0.05314391734968278	0.7536790814713867
0.13540792452478845	0.8591940054740875	0.8697986232839858
0.03969610277029748	-0.019605793174801114	0.04427378119342302
0.06293903713072212	-0.00938520955213922	0.06363493186356046
-0.0431442526154453	-0.0048097276133469945	0.043411519363643
0.014371583062248543	-0.03607487420126351	0.038832189589979305
0.49701406302283163	0.7412837646735413	0.8924822679532862
0.05577345288467709	0.9668182078304158	0.9684255908633851
0.7490516394191125	-0.05205251165616486	0.7508580574823548
0.5636756170670436	0.40793827231341145	0.6958044519072607
0.019504070064898547	0.09920086426357565	0.10110005054270166
0.08296321017802194	0.09644633745574108	0.12721945704831997
0.4866884620141573	-0.003532931332887519	0.48670128483650904
0.1809718174959186	0.4163208037129446	0.45395353322996423
-0.009210102602367863	0.002446740344386124	0.009529560758974676
-0.020774299659937573	0.02173670492111215	0.030067521799915328
-0.0332398986086778	0.4761176300666047	0.47727653254665203
-0.3065323497713256	0.5376557143219116	0.6188988193552605
-0.024792214974559818	0.09562947455005966	0.09879094253050374
-0.04371759952447089	0.2412641327912498	0.24519300618022496
0.24284183550464825	0.0020164363994558433	0.24285020709692567
0.22750396469837075	-0.1738770453841432	0.2863411965907053
0.1955364781908076	-0.9130023014533136	0.9337064403560208
0.30088222487459393	-1.2752931168331798	1.310306318036959
-0.03613784141169717	-0.8787574301789762	0.8795001788951808
-0.20664913700138637	-0.8764961102843215	0.9005272328846936
-0.11661865965737182	-0.013881802679330459	0.11744196961014315
-0.021560867599124695	-0.032622034677534904	0.03910330111549759
0.20775840193815687	-0.8685898153421953	0.8930911604601658
0.11014831033163026	-0.9805772362195495	0.9867443267943745
0.03123167415527131	-0.9367793936653578	0.9372998719015043
0.035831827327120536	-0.892554224160199	0.8932731737356806
0.01826103535062194	-0.061713315917030886	0.06435836211054413
0.009142307944745397	-0.2186766976100534	0.21886772231691745
0.6190733329588852	-0.6771272314129719	0.9174710235761232
0.5519396577829727	-0.9225837341528281	1.0750805236618144
0.5787759039262677	0.2770458386614669	0.6416665362049854
0.4596374769139852	0.3031493878659406	0.5506052683614177
0.7216663110045088	-0.007798717318150885	0.7217084483575517
0.7155083005527253	-0.00360320524226002	0.7155173731279115
0.05354743378627547	0.051327758701374245	0.07417456759834906
0.04854990694803554	0.004066975139089568	0.0487199522931302
0.7157320429854636	-0.09165157330254896	0.721576307984802
0.6184842784644008	-0.11928082914509185	0.6298815118013633
0.6987371075752963	-0.01324732358367076	0.6988626739816783
0.6767321821312753	-0.026433231192878024	0.677248227789083
0.7167315724776724	-0.008439214390783992	0.7167812548650045
0.7148510873403717	-0.004183875237987537	0.7148633309127829
0.1250069297956818	-0.05291295741875585	0.1357442947594542
0.21408560360983286	-0.1183886428892425	0.24463956433525438
0.8853908328904448	-0.18102291937405524	0.903706934965723
0.5079802649956145	0.1821186891712879	0.5396398489460197
0.6500230907053766	0.0035996779832801356	0.6500330577222619
0.7047527559506789	-0.001957717799016213	0.7047554750969003
0.7205690969056068	-0.3672045748627259	0.8087391564747419
0.5805822156739666	-0.45170898251303476	0.7356063580746521
-0.021095005558289567	-0.021304146853997785	0.02998109292005499
-0.025864797362598703	-0.06336350305220526	0.06843917928829303
0.8038834118988505	-0.010961596192431677	0.803958143510732
0.8336001825186962	0.06125700338797287	0.8358478837439727
0.0027683048579864662	-0.02416910967042755	0.024327132466608267
-0.0027745316349465266	-0.03740180859219234	0.03750457721079271
0.057322517307699127	-0.037257228684661824	0.06836645434533412
0.07708139963577057	-0.01902363883526776	0.07939421266278845
-0.01591948796779736	-0.011911115992719727	0.019882273042810483
-0.0015423118346474278	-0.02094690940536661	0.02100361253289371
0.008996131792972118	-0.02351727530484264	0.02517921017427444
-0.004471514993735109	-0.01732717221380488	0.01789484124729945
0.01637544041045672	-0.020570213661956407	0.026292370352156477
0.01151240829925674	-0.027981683513846212	0.03025739838647481
0.7142711210954787	-0.03764074791506842	0.7152622318664658
0.7155048810427189	-0.04338762190562092	0.7168191686405857
0.7004471367964382	-0.04945320751973602	0.7021907227956792
0.6989124507229223	-0.02871668519546074	0.6995021528087934
0.7143601777191073	-0.005506402893734317	0.7143813995224839
0.7169296529475158	-0.004833177397557635	0.7169459441821271
0.08379125251201149	-0.9964439323034404	0.9999607413403163
0.03588830984187821	0.009091437395854997	0.037021953179558253
0.6839198066305415	-0.004598540378855013	0.68393526629
0.6142500143464035	-0.8879844350267952	1.0797311873676771
