1:	1
2:	1
3:	1
4:	1
184, 185, 450, 227, 5:	-111.97426106279579, -295168.7902213829, -172886.91732669598, -221250.69569593572, 689418.3775050774
186, 187, 204, 6, 455:	-331572.7981081157, -48.34938896873686, -477560.7069667202, 809218.3985521129, -36.54408830824192
440, 341, 7, 456, 205, 190, 351:	-513734.7050257416, -854064.0351306389, 2260834.7586964555, -57.87148503593, -371559.86563076644, -90699.51036873131, -430718.7710555415
352, 195, 315, 8, 457, 347, 190:	-301592.7787162459, -200181.06028875787, -234.52434110900924, 661692.0803268589, -103.85114443910106, -203.27085432806462, -159376.594981979
467, 254, 265, 9, 206, 191:	-739211.6817874333, -573961.4982059817, -60398.26078671919, 2399068.840620296, -552530.6976575736, -472966.7021825882
192, 197, 406, 422, 540, 10, 300, 559:	-368005.2303855317, -175600.2561856557, -166501.18906015207, -89.58043539043865, -86.55326704927425, 710457.9204360564, -93.2134847231795, -81.89761755420253
275, 193, 11, 244, 534:	-694190.2420470486, -230569.41884447454, 2598528.04718955, -331746.2064128639, -1342022.179885163
198, 194, 355, 550, 518, 312, 490, 12:	-317974.4396193833, -126718.80594596294, -87.35154461780594, -102.82830897853017, -261143.89679413236, -73.82390620478638, -96.1922223356577, 706197.3383416154
263, 201, 410, 203, 13, 479:	-149.63553612294288, -412970.67209223163, -129.57058277085713, -383460.46765796613, 796865.3097293177, -154.9638602260178
210, 261, 585, 202, 578, 14, 565:	-185061.15823645852, -12.428113936297983, -313534.80275491154, -173415.42348725774, -816503.3267701732, 2247036.9133399474, -758509.7739772102
216, 210, 579, 215, 15:	-123.08645411369413, -255777.99934678047, -54138.622341076756, -469231.41339545336, 779271.1215374242
16, 238, 212, 213, 574:	681177.1355267453, -130184.33283053603, -113.77208078929291, -277000.98964194773, -273878.0409734722
400, 17, 485, 328, 236, 235, 220, 431:	-154705.78458157842, 1459358.2613852366, -150791.4986311724, -99.38924327142618, -159868.31665175024, -138051.71254421154, -855694.5194452847, -147.04028796782154
18, 499, 486, 535, 247, 221:	2942514.452333849, -504325.30405500653, -405651.451319272, -680840.4423213929, -550831.8581904172, -800865.3964477605
226, 19, 468, 325, 441, 461, 222:	-817845.2488871226, 3022832.259101029, -58008.694061013724, -342304.3747360016, -577943.900872977, -405125.97215565824, -821604.0683882558
225, 20, 229, 230, 394, 332, 474, 462:	-809334.784689825, 1437312.5529182344, -160957.01909949965, -128493.68445243448, -168067.46788553102, -165.27679119727247, -81.41883224566834, -170212.90116750114
530, 259, 260, 21, 249, 378, 253, 382, 239:	-324472.7185703986, -219361.9854943975, -357037.45438892744, 2610841.139088756, -474208.1848401218, -254228.58364746138, -261780.1125283878, -269495.65367341164, -450256.44594565
241, 594, 22, 209, 269, 590, 253:	-469912.93137187714, -88.67812876613101, 1548875.3542970463, -489498.98631900345, -391827.02731995657, -148.93987078540727, -197398.79128665736
513, 386, 245, 23, 250, 413, 271:	-142395.13471095465, -438406.4752719399, -1022052.9393631412, 3065703.034901689, -796308.4545685895, -101499.24336678768, -565040.7876202764
224, 248, 390, 257, 24, 525, 254:	-1242057.049675886, -378063.33803557395, -505905.2624383378, -130182.49226960719, 3101514.552145877, -225845.56638157956, -619460.8433448928
25:	1
26:	1
27:	1
28:	1
29:	1
30:	1
31:	1
32:	1
33:	1
34:	1
35:	1
36:	1
37:	1
38:	1
39:	1
40:	1
41:	1
42:	1
43:	1
184, 370, 267, 44, 183:	-94.2460917049847, -182.33138649444953, -23.196327799902065, 378.67525541447844, -78.9014494151421
256, 185, 186, 451, 45:	-137078.0535280604, -235831.63904726758, -274266.21235207125, -873404.7865967501, 1520580.6915241494
188, 458, 187, 348, 46:	-44.31606850103242, -151.7956883578771, -44.540122611641934, -108.66775757440229, 349.3196370449537
189, 375, 188, 349, 47:	-44.659711746075494, -150.65489797928814, -43.66258909174592, -110.77394433750875, 349.7511431546183
48, 560, 258, 469, 407, 192, 191:	1518567.5991597155, -167.07866874168363, -46.63160401019061, -113629.79541249548, -630353.9601801282, -303148.53937965183, -471221.5939146883
272, 49, 194, 356, 519, 536, 345, 193:	-71.8268261216434, 1401969.115638404, -207528.12887063826, -126.86648589568922, -359401.7813569393, -171115.63041966484, -257135.71529491438, -406589.1663842299
353, 50, 195, 196, 326, 321, 318:	-557410.8331853703, 1408308.7027836824, -118379.17628316453, -181052.6514571944, -551222.7169630113, -185.08111444170942, -58.243780500336406
322, 51, 196, 197, 327, 408, 303:	-62.96810913493607, 1451802.2730859697, -156261.3481779925, -154975.63685303245, -365223.78907609935, -775134.9397475685, -143.5911221420329
339, 52, 251, 520, 569, 346, 491, 199, 495:	-33.10984444288229, 1449122.9777429872, -470671.247055419, -106684.8784494434, -428114.1347173045, -255985.55006206417, -56.71382469997147, -187498.4174586952, -78.92633091810104
496, 306, 53, 199, 200, 570, 426:	-111.81574822084433, -77.09722903763804, 1406250.186687408, -204270.8525550672, -367038.4425225545, -354697.8089650936, -480054.1696674344
480, 307, 54, 200, 201, 586, 427, 255:	-74.92989149713294, -112.66438974148906, 1529728.3284305164, -424213.7953289488, -512193.0358045104, -131237.43979518287, -291311.61298784625, -170584.85023278926
203, 262, 55, 264, 202, 587, 255:	-288956.216254581, -164.2002348660865, 1483761.9426251515, -36.99885956488892, -197237.99554566343, -799318.8197597726, -198047.71197070362
256, 452, 342, 56, 459, 204, 205:	-156339.7410920936, -158573.47555875644, -242225.62443338623, 1582799.5905070899, -327.7471291469293, -538554.9264865988, -486778.0758071076
257, 258, 278, 561, 57, 206, 207:	-258486.66544633053, -50.04457535321579, -388501.101804663, -114.89157098764642, 1499520.7941671342, -511083.04175746493, -341285.0490123348
208, 562, 259, 437, 279, 58, 207:	-354428.8181102539, -94.00885938991769, -201457.5959814202, -79.5220486496346, -547211.2688059607, 1451872.2262315056, -348601.0124258315
208, 209, 260, 438, 59, 591:	-228516.69036408034, -428518.789475162, -1000976.477716224, -113.81190279195093, 1658204.5916043138, -78.8221460555831
268, 211, 60, 212, 361:	-31.146078742515904, -68.57054405142455, 373.90875746206984, -95.10491757362759, -179.08721709450182
213, 580, 61, 214, 575:	-144640.2190075304, -352733.7311402153, 1440296.852611323, -209369.03388077632, -733553.868582801
214, 581, 62, 215:	-92040.04487738617, -1339017.1725156973, 1883908.624303413, -452851.4069103298
216, 217, 261, 262, 63:	-117.00231402675033, -78.29505151621731, -28.619855810365852, -155.33620215432106, 379.25342350765453
64, 263, 264, 217, 218, 411:	345.3354079124743, -92.81610351058447, -39.729969913033074, -84.53144055044818, -14.143782398131151, -114.11411154027743
65, 481, 218, 219, 412, 366:	336.743803758394, -85.64115906085723, -26.12692860588648, -27.066947545017893, -84.83436310434362, -113.07440544228879
401, 66, 276, 487, 220, 221:	-591755.722250426, 3183042.5138198724, -88448.26006107364, -1151871.1643166356, -596702.8988119239, -754264.4683798125
67, 470, 266, 395, 222, 223:	3250409.3914212342, -1150780.871463335, -20128.917430927642, -714854.1912522562, -651917.6791819339, -712727.7320927819
224, 68, 391, 265, 471, 396, 223:	-1162202.667251621, 3088022.094719062, -345274.99118255195, -202662.75342814048, -415719.82654504373, -181507.4406021136, -780654.4157095916
225, 226, 69, 266, 397, 463:	-541501.4317346875, -749885.4980705273, 3241332.8578243083, -96428.93226910304, -585153.53923211, -1268363.4565178803
371, 228, 453, 70, 343, 291, 227, 267:	-67.94792023034749, -228278.8856757876, -588204.4841452885, 1393787.100115751, -388338.6117750857, -90.22251566952346, -188792.0291012557, -14.918982433349242
464, 292, 229, 71, 344, 228, 335:	-539046.5847570735, -145.62229396932196, -183758.35812868635, 1385668.3363141587, -439015.03671519563, -223631.95289359728, -70.78152563664685
504, 392, 230, 231, 72, 476, 398:	-108.64670947521776, -454595.56992496795, -64381.081836254554, -317284.0423174193, 1403587.76922969, -149.0109408292106, -567069.4175007436
505, 393, 232, 73, 282, 379, 252, 526:	-105.10751652812567, -144017.51354839254, -133578.7808312043, 1403320.4460900864, -128.82934857361246, -328587.07622657466, -502885.93699088314, -294017.2016279302
531, 232, 233, 74, 283, 380, 286, 383:	-385411.00536618126, -118047.53388827111, -126161.18566111296, 1279945.2480863924, -117.89899908750075, -332331.3833278139, -122.16965805906668, -317754.0711858667
384, 514, 387, 233, 234, 75, 509, 287:	-370288.667545049, -327817.213254953, -237412.87417922818, -154053.4412225792, -178008.7919078977, 1267895.8597329014, -176.38780446577385, -138.4838187288791
402, 388, 295, 234, 235, 76, 434, 510:	-647676.7350438666, -552489.9281339158, -81.03664852099244, -99866.64495227762, -94104.68141261017, 1394357.9684884548, -70.27607624190321, -68.66622102184691
237, 310, 488, 330, 236, 554, 77:	-110254.94547529287, -127.90361325409131, -550758.3665825666, -116.07007818950487, -134085.15565866735, -636035.4747338253, 1431377.9161417957
576, 78, 311, 362, 555, 268, 429, 238, 237:	-432398.6598268983, 1328632.3347054948, -93.8963100697159, -64.83543173287498, -246354.9277014347, -17.527501983113922, -310013.7087881633, -153588.76358799145, -186100.01555722122
240, 385, 515, 270, 79, 269, 414, 239:	-803220.6213448877, -456197.63784173154, -449488.279045318, -207969.06494270352, 2850149.780904722, -348105.50382930494, -244348.35229452638, -340820.32160625013
80, 241, 242, 595, 522, 270, 415:	1415955.7395746028, -403758.392473236, -177421.19178694504, -136.76737624381383, -128.71015620083486, -416903.3672788186, -417607.3105031584
416, 81, 242, 243, 357, 273, 523, 271:	-499093.26314019563, 1441990.7286413065, -220081.6127693847, -424273.6090542993, -105.94131268446797, -73428.72976237975, -90.58890558783409, -224916.9836967747
272, 82, 243, 244, 277, 358, 274:	-73.587425843193, 1522735.9042971265, -371117.099925323, -494725.3507834159, -147292.38861834968, -80.08055605738734, -509447.39698813704
273, 274, 83, 245, 246, 403, 389:	-65423.97951710318, -508400.1336624219, 3127871.288165461, -1130096.0953294272, -841168.4649685386, -162379.94915101206, -420402.66553695773
275, 276, 277, 246, 537, 84, 404, 247:	-204735.33039371742, -14486.219394813015, -215677.18086663383, -925297.4926277117, -240657.79609180582, 2970728.4810713846, -737840.6815199687, -632033.7801767341
85, 278, 279, 248, 249, 381, 527:	2735934.5791129414, -437661.3806921523, -550764.254918383, -325014.4065752762, -369161.88722885796, -529066.4557145763, -524266.1939836957
545, 419, 86, 439, 541, 447:	-165.9464531763857, -126.27960286341573, 726.8888874682601, -132.91531968315888, -140.20145722223356, -161.54605452306623
500, 566, 87, 489, 428, 556, 430:	-470434.01898819045, -541183.6369026976, 2767776.3499771953, -480257.89801078313, -401699.08713387157, -457482.07172126387, -416719.63722038886
288, 280, 299, 88, 281, 282, 283, 506:	-66.14112979487354, -113.49800014590954, -69.99967782518576, 679.9863428850289, -117.25674160376349, -123.80345531384421, -101.4091196694994, -87.87821853195288
288, 296, 89, 287, 284, 285, 286, 511:	-66.01077594661011, -68.2527901981269, 681.7271173099729, -119.68792619324947, -112.83991219620788, -116.74677616323771, -107.9642064416633, -90.22473017087758
336, 289, 290, 291, 372, 292, 90:	-116.35973566487161, -128.96607101107358, -100.02306638636284, -97.0488212927799, -117.4551307355533, -132.70647459728212, 692.5592996879233
512, 435, 293, 294, 295, 296, 91:	-142.25745331054685, -107.01756781622416, -139.6822891341476, -111.31320788886947, -117.23655146980806, -80.83776560306401, 698.3448352226601
507, 297, 298, 299, 92, 477:	-176.26397817382343, -122.95284887411265, -187.85326997368583, -104.73950410059479, 735.9224264390352, -144.11282531681852
323, 301, 425, 300, 93, 302, 303:	-120.2979262109074, -131.18593767943557, -120.31488390264829, -92.75860753139064, 692.870236718815, -94.88649074703297, -133.42639064740015
304, 305, 482, 307, 497, 306, 94, 367:	-87.69373429666693, -78.88679823185839, -114.54319577493646, -82.96282369126556, -139.71170342280774, -72.27138843527175, 680.3806086877918, -104.31096483498482
331, 308, 309, 310, 311, 363, 95:	-134.32012546158967, -99.63783059859554, -115.64253743773406, -110.18321436976117, -104.33295416945035, -127.9171549926236, 692.0338170297545
96, 420, 551, 312, 313, 314, 492, 340:	679.2970691177856, -90.5689542600773, -111.19822230621365, -81.26993821242885, -87.9941690583581, -103.151584522767, -102.01323158349223, -103.10096917444857
97, 324, 350, 376, 315, 316, 317, 318:	682.7449346753143, -80.33171612222176, -89.85084283958264, -72.78965075782415, -146.00041380694364, -131.72642457946597, -94.54044310406158, -67.50544346521454
320, 321, 98, 323, 324, 322, 319:	-91.04854265106435, -164.39365076362742, 701.905758362758, -115.22005720738625, -104.29272805235206, -76.68219864647551, -150.26858104185249
354, 99, 325, 326, 327, 472, 409, 442:	-406929.20969748875, 2718407.317149854, -406962.4990175966, -498355.61532476003, -323962.21166002133, -541648.4312748099, -272638.8530116267, -267910.49716355046
436, 329, 328, 100, 330, 331:	-163.67618491556482, -133.51687178061553, -128.04927452615155, 725.7769253589938, -150.57344068012313, -149.96115345653877
336, 334, 101, 332, 333, 478, 335:	-120.3073478954237, -74.73877945180124, 702.6813538593303, -150.88968258812162, -153.6196453705448, -126.46835878026135, -76.65753977317758
337, 338, 339, 340, 102, 498, 493:	-90.95932045107524, -116.2634819004107, -77.59852599019852, -130.4527565475126, 702.837441803495, -166.0010621180057, -121.56229479629224
465, 443, 342, 454, 103, 344, 343, 341:	-384535.7375262948, -412975.2211996224, -294981.8298683974, -484490.5648701411, 2695422.197936512, -362587.68841249647, -352605.139606268, -403246.016453292
501, 521, 104, 345, 538, 571, 346:	-449156.9403452331, -567337.0335100904, 2775256.232051817, -390703.1297721713, -490235.4373214429, -498033.2034303798, -379790.4876724989
377, 105, 347, 348, 460, 350, 349:	-130.39962289046963, 692.1480619008398, -131.49686393768525, -106.25172929721714, -114.92698172434197, -92.99209770280225, -116.08076634832352
352, 353, 354, 106, 444, 351:	-557751.9665851727, -607920.8721955556, -547525.0865219915, 2897433.852729163, -608025.9447590661, -576209.9826673771
546, 355, 356, 421, 358, 552, 107, 524, 357:	-82.48499345739155, -77.4946939454887, -91.90367106646863, -61.017367688069584, -69.6390589368087, -103.52950784831165, 666.0045451265082, -107.11461678139193, -72.82063540257745
359, 360, 361, 362, 363, 108:	-97.4843661779449, -184.2581676423411, -191.39187840946343, -131.81363614299204, -134.35131793487483, 739.2993663076163
483, 365, 364, 109, 366, 367:	-146.89427151838834, -163.22526961745, -128.37018027686793, 726.6278563335042, -156.15667458101805, -131.98146033977977
368, 369, 370, 371, 372, 110:	-93.68082787427026, -192.80330574746682, -191.1058747562986, -138.5991108034795, -126.59070803491007, 742.7798272164252
373, 374, 375, 376, 377, 111:	-112.44219513280508, -188.21903229001003, -159.99312719119206, -114.47993530256306, -158.05770879405355, 733.1919987106238
112, 528, 532, 378, 379, 380, 381:	2660864.366932031, -472299.6820728393, -531427.3554981115, -350722.8139401855, -410496.4935576067, -426065.6195052551, -469852.4023580331
384, 113, 516, 533, 385, 382, 383:	-437955.0124488729, 2661215.1250694804, -465164.216704431, -534970.983364953, -450300.34899372514, -371880.18042442924, -400944.38313306926
114, 387, 388, 389, 405, 386, 517:	2672149.5263310326, -355782.38909469475, -478470.1876834476, -403540.82189071167, -472668.5241460983, -403992.608773054, -557694.9947430261
529, 115, 390, 391, 392, 393, 603, 399:	-550987.7375654229, 2607806.3681188356, -343921.14919486654, -280439.71227474295, -393053.9422268523, -211563.82198322678, -406921.8201286451, -420918.1847450789
116, 394, 395, 396, 397, 398, 399:	2739126.520321931, -239566.1876742966, -631164.1175485218, -235065.8784172118, -528598.5251285771, -628409.7476806638, -476322.0638726599
400, 401, 402, 403, 404, 117, 405:	-228163.42149158593, -525202.7084370804, -660877.2334195086, -215748.0101620635, -668794.4318861859, 2761253.8410157515, -462468.03561932716
473, 118, 406, 407, 408, 409:	-691372.3005354723, 3039626.7594254906, -335883.9068067366, -725921.7492784236, -904777.0771997885, -381671.72560506954
484, 410, 411, 412, 119:	-211.6565752925532, -181.04307011999586, -218.03291972734272, -191.09881684122837, 801.8313819811203
416, 599, 120, 413, 414, 415:	-650934.386667093, -770883.9187473969, 2950236.0645435937, -448664.694258094, -487214.507613734, -592538.5572572757
448, 417, 418, 419, 420, 421, 547, 553, 121:	-87.31770025217136, -74.2619209440546, -83.57992275732076, -86.92087703528125, -82.00022669031065, -68.0130543656145, -78.0713539496935, -104.37977001188071, 664.5448260063274
449, 422, 423, 424, 425, 122, 542:	-106.88999856388726, -110.7833491100675, -116.63442700930253, -117.68453331929791, -113.82176994837079, 689.820667647061, -124.00658969613497
588, 427, 502, 567, 572, 426, 123, 428:	-590021.0536345182, -273486.2141882216, -380896.5684480282, -350945.16217515926, -531707.9537264572, -305829.4916375009, 2734951.4956121063, -302065.05180222134
577, 582, 568, 124, 557, 430, 429:	-476981.5706028254, -519575.09139260807, -420533.0806139569, 2775092.643756312, -581064.6100975423, -405250.9661377927, -371687.3249115865
432, 433, 434, 435, 436, 125, 431:	-146.08057091081463, -71.33146413570084, -80.77666296855483, -126.86082984973521, -142.10600263020513, 701.423263097961, -134.26773260295036
592, 563, 548, 437, 438, 439, 126, 543:	-134.38370216251735, -110.5980143183586, -76.76362686205778, -73.8684455490018, -90.00144613971699, -89.39339352880936, 679.6600012694021, -104.65137270894019
466, 440, 441, 442, 443, 444, 127:	-476647.164235263, -486763.2350263735, -534026.330192806, -355944.3559328556, -402294.80925113196, -516100.5996393687, 2771776.494277799
128, 449, 448, 544, 445, 446, 447:	692.7678178532763, -105.67534257556244, -102.40568410198395, -108.00415526410976, -113.84986538083048, -127.75958128137006, -135.07318924941956
129, 450, 451, 452, 453, 454:	2984961.0620465837, -365569.80210717797, -855152.1163048737, -438035.38018953335, -696930.9912332988, -629272.7722117002
130, 455, 456, 457, 458, 459, 460:	696.66871270462, -81.43382012207475, -110.64568974306391, -112.1715691154496, -141.50392889851506, -142.07403689532475, -108.83966793019187
464, 465, 466, 131, 461, 462, 463:	-538754.1971345681, -462266.58394091716, -431397.5061344225, 2797346.6994467042, -443996.05690599116, -330974.84160955687, -589957.5137212488
467, 468, 469, 470, 473, 472, 132, 471:	-454256.135342884, -141492.44323429203, -104869.87685521756, -420696.79426282406, -549989.177575353, -568513.2327147345, 2816936.9027280575, -577119.2427427527
133, 476, 474, 475, 508, 477, 478:	696.4960373984129, -148.85913709647417, -94.38265510606294, -126.69495240955608, -96.27191469865944, -112.73642812126664, -117.55094996639352
480, 481, 482, 483, 484, 134, 479:	-93.84244306882307, -89.38169413189134, -128.57800170066488, -123.87976645847489, -143.3862810556638, 700.9153629521383, -121.84717653662024
503, 485, 486, 487, 488, 489, 135, 558:	-330602.63645057275, -271658.812716375, -407643.7653528786, -475736.7949604511, -436594.3449337253, -392827.72654263, 2706374.6961122924, -391310.6151556596
136, 601, 490, 491, 492, 493:	735.5059773266538, -160.2177813160968, -155.30795588019967, -122.86325521912303, -128.31619254417475, -168.80079236705944
496, 497, 498, 137, 494, 495:	-136.6575090494601, -185.95316764351372, -197.8082288165026, 740.9207559182287, -99.70197087109764, -120.79987953765469
499, 500, 501, 502, 503, 138, 539, 573:	-395487.57478396804, -428859.84169312974, -389977.4311348677, -372021.0130215423, -344780.5128677222, 2690260.74347689, -390290.1367996394, -368844.23317602073
604, 507, 504, 505, 506, 139, 508:	-166.33576925284575, -159.24095309905192, -100.54588188837636, -95.28998473256948, -97.84597359379953, 707.9839793062422, -88.72541673959904
512, 140, 509, 510, 511:	-235.75892107622144, 812.698534921429, -242.95372152984982, -166.83703895546032, -167.14885335989743
513, 514, 515, 516, 517, 600, 141:	-298847.43621336896, -406470.8693548748, -490967.3619224876, -421268.1318472907, -578632.8986580303, -498358.93477841286, 2694545.6327744653
518, 519, 520, 521, 602, 142:	-506695.2042635126, -536789.4342400247, -353782.6941501483, -748940.7611103475, -853166.6097558534, 2999374.7035198864
596, 549, 522, 523, 524, 143:	-143.51218232658258, -148.83774914891512, -146.67857722768724, -140.49494114172734, -151.21305706480382, 730.7365069097161
144, 529, 528, 525, 526, 527:	2787576.622204906, -664124.9253484694, -544805.8467360459, -451314.5997702499, -509197.7334410465, -618133.5169090941
145, 530, 531, 532, 533:	3065832.5476351143, -675319.398220165, -692844.1779523059, -847102.5579724039, -850566.4134902395
146, 534, 535, 536, 537, 538, 539:	2798488.102211214, -643771.6319352931, -492794.38763685804, -335827.1877822373, -362762.75453221507, -496125.08974178054, -467207.05058282975
544, 147, 564, 540, 541, 542, 543:	-108.31817096407485, 690.6603845745472, -118.63520887044089, -107.03411274761385, -115.92465712479039, -125.04485340429048, -115.70338146333685
545, 546, 547, 148, 597, 593, 548, 549:	-127.48833251148599, -86.72052381597135, -88.38467285018065, 689.0664972367788, -111.29819874132014, -82.78101358354319, -80.5802055521537, -111.8135501821238
552, 553, 149, 550, 551:	-203.75589326549226, -199.54948083976228, 798.3883316216144, -193.0524128057871, -202.0305447105727
150, 554, 555, 556, 557, 558:	2917601.641902826, -708563.6250530002, -470065.78661850723, -587188.8314839243, -654052.0059288776, -497731.3928185166
560, 561, 562, 563, 564, 151, 559:	-140.55905688458017, -118.65370564702013, -94.78140751576055, -127.88975695220805, -123.90234843185118, 695.5563882901173, -89.77011285869716
568, 565, 566, 583, 152, 567, 589:	-432652.9951876732, -599326.4151373317, -580348.1240922353, -371065.84931821947, 2794258.5776726417, -366399.8099099656, -444465.3840272166
569, 153, 570, 571, 572, 573:	-588238.612098271, 2903745.092047895, -521859.0489618705, -619815.5199744502, -662854.4255649729, -510977.48544833023
576, 577, 584, 154, 574, 575:	-639792.2739205598, -596864.0738094589, -485776.9672564019, 2923870.1112718824, -473429.17447842815, -728007.6218070344
578, 579, 580, 581, 582, 583, 584, 155:	-436153.6733814264, -215118.0427226577, -366605.5066563495, -578105.1776421276, -436207.0686416305, -383613.8444922922, -309824.0568260954, 2725627.370362579
588, 585, 586, 587, 156, 589:	-774132.4126778615, -459004.7088034647, -361871.1074075593, -864997.9145791568, 3008451.074238847, -548444.9307708038
592, 593, 598, 157, 590, 591:	-183.46617259900827, -118.69045891654137, -164.40842862719168, 738.2318061326966, -156.5255877399459, -115.14115825000934
594, 595, 596, 597, 598, 158:	-119.7001397245494, -158.77038974150688, -141.4550733741621, -141.30522054507117, -166.36169058884502, 727.5925139741346
600, 240, 250, 599, 159:	-1064613.6958181374, -445979.86519075144, -516037.942426989, -1561022.7635429571, 3587654.2669788348
160, 601, 602, 251, 198:	2063145.2095708055, -330.28418785181304, -1676091.0222007264, -254041.39706034662, -132682.50612188102
161, 603, 604, 252, 231:	1627118.629211037, -1046237.6146892994, -309.46940950964233, -372317.92156836385, -208253.6235438643
162:	1
163:	1
164:	1
165:	1
166:	1
167:	1
168:	1
169:	1
170:	1
171:	1
172:	1
173:	1
174:	1
175:	1
176:	1
177:	1
178:	1
179:	1
180:	1
181:	1
182:	1
368, 370, 44, 183:	-156.93645363400896, -39.94486743879516, -78.9014494151421, 366.85633741441234
184, 267, 44, 5, 227:	396.0538874501337, -185.79829292153272, -94.2460917049847, -111.97426106279579, -4.035241760820475
185, 450, 451, 5, 45:	1471075.5080017254, -758968.475244716, -181106.60348835879, -295168.7902213829, -235831.63904726758
256, 186, 204, 45, 6:	-935759.5485750065, 1587015.109910613, -45416.55087541937, -274266.21235207125, -331572.7981081157
458, 187, 6, 46, 455:	-87.46055834237876, 355.8887312890828, -48.34938896873686, -44.540122611641934, -175.53866136632524
348, 188, 349, 46, 47:	-133.38618018839708, 347.4796886407818, -126.11485085960632, -44.31606850103242, -43.66258909174592
47, 375, 189, 373:	-44.659711746075494, -84.5496541941273, 353.6828587444562, -159.98541719981824
352, 456, 7, 8, 457, 190, 351:	-651092.8580777838, -174.08115346709104, -90699.51036873131, -159376.594981979, -150.01654936372563, 1449212.8488778963, -547719.7877465712
48, 258, 467, 469, 9, 206, 191:	-471221.5939146883, -200.51517893520045, -41304.483129661756, -604239.8245991892, -472966.7021825882, -17.451092018378816, 1589950.570097081
192, 560, 406, 48, 10, 407, 559:	1461217.4519992573, -63.04837890022005, -614094.2853053142, -303148.53937965183, -368005.2303855317, -175770.77405115782, -135.57449870146678
272, 193, 244, 534, 49, 536, 11:	-181.14745965717344, 1523281.468003308, -27.326455342871558, -131296.9535991323, -406589.1663842299, -754617.4552604712, -230569.41884447454
49, 194, 355, 356, 518, 519, 12:	-207528.12887063826, 1423724.8352233975, -112.54848546452078, -85.37734890714643, -552442.9240390165, -536837.0505334081, -126718.80594596294
352, 353, 50, 195, 8, 315, 318:	-644722.2728319343, -460271.8607161763, -118379.17628316453, 1423842.7106500727, -200181.06028875787, -86.5712913763964, -201.76923866323278
321, 322, 51, 196, 326, 327, 50:	-58.21533216057895, -163.96085660213976, -156261.3481779925, 1404881.5101574769, -429533.8577533688, -637811.4765801583, -181052.6514571944
51, 197, 406, 408, 10, 300, 303:	-154975.63685303245, 1486268.7928543384, -855005.8227911369, -300496.4653288983, -175600.2561856557, -118.44175986176819, -72.16993575338964
160, 198, 518, 601, 490, 12, 602:	-132682.50612188102, 1508754.385602428, -838394.962017905, -77.01474687782249, -151.97857371790622, -317974.4396193833, -219473.48452266312
496, 52, 53, 199, 569, 570, 495:	-85.85877596668962, -187498.4174586952, -204270.8525550672, 1391596.9823272696, -468455.4815040623, -531170.6777875241, -115.69424595411161
306, 307, 53, 54, 200, 426, 427:	-102.22615082645834, -74.24889439000685, -367038.4425225545, -424213.7953289488, 1461519.4105310256, -258719.40542849473, -411371.292205811
480, 203, 54, 201, 255, 13, 479:	-138.25058912966978, -50234.041928997845, -512193.0358045104, 1587179.8193757993, -611564.6061340276, -412970.67209223163, -79.2128269021126
261, 262, 55, 585, 202, 587, 14:	-169.57295246712283, -29.68874643365943, -197237.99554566343, -751486.2161465159, 1438969.1654338795, -316630.26855554164, -173415.42348725774
263, 55, 264, 201, 203, 13, 255:	-64.32849653951313, -288956.216254581, -153.45191070962773, -50234.041928997845, 1565963.658348165, -383460.46765796613, -843095.1520993707
256, 6, 455, 56, 186, 459, 204:	-556625.4120980944, -477560.7069667202, -186.4590973632782, -538554.9264865988, -45416.55087541937, -33.49641168497078, 1618377.551935881
56, 341, 342, 7, 456, 459, 205:	-486778.0758071076, -135866.0325683301, -536081.132305413, -371559.86563076644, -167.2576513410811, -43.720440542631124, 1530496.0844035007
257, 258, 254, 9, 57, 206, 191:	-479570.13425036764, -135.22265109147392, -82012.31458867498, -552530.6976575736, -511083.04175746493, 1625348.8619971909, -17.451092018378816
561, 562, 278, 279, 57, 58, 207:	-75.76406587511248, -101.43820579192283, -436348.67767857824, -298249.8282778765, -341285.0490123348, -348601.0124258315, 1424661.7696662878
208, 259, 260, 437, 438, 58, 59:	1438835.3840985794, -606481.3871585407, -249225.81495739787, -108.10531464050375, -74.5681936660435, -354428.8181102539, -228516.69036408034
209, 260, 22, 59, 253, 590, 591:	1556560.4158257232, -120529.167913356, -489498.98631900345, -428518.789475162, -517806.32174014824, -74.25049396437271, -132.89988408897807
210, 579, 261, 216, 578, 14, 15:	1437236.976569951, -721704.7319897745, -220.7485993720748, -6.8536764295650965, -274465.484721136, -185061.15823645852, -255777.99934678047
361, 211, 60, 359:	-49.239436042905645, 361.9085840469885, -68.57054405142455, -161.10137990657088
16, 60, 212, 238, 268:	-113.77208078929291, -95.10491757362759, 395.1236427991765, -5.730562465168617, -180.51608197108737
16, 61, 213, 574, 575:	-277000.98964194773, -144640.2190075304, 1432366.1400228685, -683495.5124719962, -327229.4189013942
62, 580, 61, 214, 581:	-92040.04487738617, -762817.3840287002, -209369.03388077632, 1454245.9799136762, -390019.51712681353
15, 579, 581, 62, 215:	-469231.41339545336, -779813.6072709046, 54013.0028648357, -452851.4069103298, 1647883.4247118519
216, 210, 15, 261, 63:	400.73391539748786, -6.8536764295650965, -123.08645411369413, -153.79147082747832, -117.00231402675033
264, 217, 262, 64, 63:	-162.81016995754402, 365.91377522678766, -40.2771132025781, -84.53144055044818, -78.29505151621731
64, 65, 218, 411, 412:	-14.143782398131151, -26.12692860588648, 390.0502529355541, -157.93471519836254, -191.84482673317393
65, 219, 364, 366:	-27.066947545017893, 358.81201476227926, -161.2990459055842, -124.15213837793786
400, 17, 66, 485, 401, 487, 220:	-546993.2184850632, -855694.5194452847, -596702.8988119239, -682449.5370315635, -134714.2894398183, -135071.35033124848, 2951625.813544902
66, 276, 486, 247, 487, 18, 221:	-754264.4683798125, -602185.074113952, -552690.300292677, -17836.277912049783, -258497.34912934905, -800865.3964477605, 2986338.8662756006
67, 19, 468, 470, 266, 226, 222:	-651917.6791819339, -821604.0683882558, -750662.5088371712, -24594.810277143057, -862259.9561430591, -20332.721603678096, 3131371.7444312414
67, 68, 470, 471, 395, 396, 223:	-712727.7320927819, -780654.4157095916, -371769.9841753816, -449745.7532540798, -71744.24115124138, -541875.7186069688, 2928517.8449900453
224, 68, 390, 391, 24, 265, 254:	3376027.1723460667, -1162202.667251621, -163999.69038667655, -294989.09336757095, -1242057.049675886, -489741.26052090543, -23037.411143407324
225, 20, 69, 394, 397, 462, 463:	2932871.7194574396, -809334.784689825, -541501.4317346875, -540992.2046829885, -145897.11629357393, -734338.8192966278, -160807.36275973654
226, 19, 69, 266, 461, 222, 463:	2999681.4795740787, -817845.2488871226, -749885.4980705273, -599673.7802485067, -599654.0325933879, -20332.721603678096, -212290.1981708561
450, 227, 5, 70, 184, 267, 453:	-689546.5168914278, 1425443.7045550854, -221250.69569593572, -188792.0291012557, -4.035241760820475, -196.85477276021194, -325653.5728519451
291, 228, 70, 71, 344, 292, 343:	-126.1416688639041, 1378963.2068588345, -228278.8856757876, -223631.95289359728, -449464.13904421474, -74.92909606699124, -477387.15848030406
464, 20, 229, 71, 332, 462, 335:	-396597.9786996849, -160957.01909949965, 1419467.5826489783, -183758.35812868635, -70.56270708632391, -677927.3436226719, -156.32039134900717
20, 230, 72, 394, 476, 474, 398:	-128493.68445243448, 1446381.9296602234, -64381.081836254554, -824321.5775257563, -113.56833233943675, -170.02178907138443, -428901.9957243671
72, 392, 231, 504, 161, 603, 604:	-317284.0423174193, -481949.213264558, 1354918.1903266844, -159.58450669002497, -208253.6235438643, -347211.6853796499, -60.04131450259009
283, 232, 73, 74, 379, 380, 282:	-134.66843569396025, 1377406.7243795071, -133578.7808312043, -118047.53388827111, -564256.9720810374, -561268.8746589979, -119.89448430263971
384, 287, 233, 74, 75, 286, 383:	-520475.9612737412, -125.86340486499552, 1365558.968347594, -126161.18566111296, -154053.4412225792, -133.34666740485187, -564609.1701178906
387, 388, 234, 75, 76, 509, 510:	-673316.8526296049, -429840.69507872284, 1381354.1779672343, -178008.7919078977, -99866.64495227762, -110.97934694794293, -210.21405178323812
400, 17, 402, 235, 76, 434, 431:	-832028.3405001997, -138051.71254421154, -373596.6557817317, 1438003.102332554, -94104.68141261017, -144.71208311890544, -77.00001068206171
17, 488, 485, 328, 330, 236, 77:	-159868.31665175024, -429599.073318094, -708823.0509849471, -139.5150840502111, -121.88641152041208, 1432636.9981090296, -134085.15565866735
310, 311, 554, 555, 237, 78, 77:	-92.52744801002572, -119.7956821661871, -414201.13718105934, -742693.8701945001, 1453462.2915382495, -186100.01555722122, -110254.94547529287
576, 238, 212, 78, 16, 268, 574:	-513978.3329868759, 1439684.6692211516, -5.730562465168617, -153588.76358799145, -130184.33283053603, -195.40372754126685, -641732.1055257418
385, 269, 21, 239, 253, 382, 79:	-426433.64351755497, -399143.55975511746, -450256.44594565, 2746173.9887954327, -545821.7099434155, -583698.3080274443, -340820.32160625013
240, 515, 599, 600, 159, 414, 79:	2928958.8427861077, -471723.82977191976, -112137.61593410248, -319375.31051156943, -445979.86519075144, -776521.6000328767, -803220.6213448877
80, 241, 594, 595, 22, 269, 270:	-403758.392473236, 1497184.7029556488, -143.27318174680806, -102.97529569042703, -469912.93137187714, -297303.300628218, -325963.8300048805
80, 81, 242, 416, 522, 523, 415:	-177421.19178694504, -220081.6127693847, 1393880.9242382974, -481771.0427620831, -114.32236533630245, -137.98726312594889, -514354.76729142206
273, 82, 243, 357, 358, 81, 274:	-589299.8018189111, -371117.099925323, 1506581.1412288656, -74.48093530936508, -93.26970634258706, -424273.6090542993, -121722.8797886803
272, 193, 82, 275, 244, 277, 11:	-119.79695314354102, -27.326455342871558, -494725.3507834159, -249658.53828038464, 1497662.9168217992, -421385.69793664827, -331746.2064128639
273, 386, 83, 245, 23, 271, 389:	-476339.2365725677, -250219.1486037135, -1130096.0953294272, 3208524.2314865487, -1022052.9393631412, -49142.08699878194, -280674.72461891716
274, 83, 84, 277, 246, 404, 403:	-130101.55895813099, -841168.4649685386, -925297.4926277117, -489876.7590196614, 3034119.3221850907, -62658.57223688962, -585016.4743741589
18, 84, 537, 535, 276, 247, 221:	-550831.8581904172, -632033.7801767341, -595571.4675417965, -272631.8278528034, -871307.4960456433, 2940212.707719444, -17836.277912049783
24, 85, 278, 257, 248, 525, 527:	-378063.33803557395, -325014.4065752762, -388339.8062626417, -606149.7534267798, 2769497.1936467933, -647678.2813569005, -424251.60798962123
259, 21, 279, 249, 378, 381, 85:	-651030.7949166643, -474208.1848401218, -301342.46689588676, 2761198.110668853, -592785.4444979319, -372669.3322893909, -369161.88722885796
513, 23, 600, 250, 599, 413, 159:	-619052.060758373, -796308.4545685895, -89067.33397767288, 3020335.731349889, -127244.1899760704, -872625.749642195, -516037.942426989
160, 491, 52, 520, 601, 602, 251:	-254041.39706034662, -171.0814822921589, -470671.247055419, -926283.5810051438, -12.970571935246888, -5383.234490812385, 1656563.5116659491
161, 252, 73, 505, 393, 603, 604:	-372317.92156836385, 1530688.4054239863, -502885.93699088314, -155.78806607093728, -613809.1457539218, -41468.45239257792, -51.16065216857948
209, 260, 21, 22, 269, 253, 239:	-517806.32174014824, -723607.5011957174, -261780.1125283878, -197398.79128665736, -666328.980051802, 2912743.416746128, -545821.7099434155
224, 257, 206, 9, 24, 265, 254:	-23037.411143407324, -901005.7856059691, -82012.31458867498, -573961.4982059817, -619460.8433448928, -970327.0592456684, 3169804.9121345943
203, 54, 55, 201, 586, 587, 255:	-843095.1520993707, -170584.85023278926, -198047.71197070362, -611564.6061340276, -962377.4539941149, -325052.82291392295, 3110722.5973449294
256, 451, 452, 56, 186, 204, 45:	3130119.5564464796, -384712.5253421626, -959604.2758110622, -156339.7410920936, -935759.5485750065, -556625.4120980944, -137078.0535280604
257, 278, 206, 24, 248, 57, 254:	2973516.1547500687, -598121.323751014, -479570.13425036764, -130182.49226960719, -606149.7534267798, -258486.66544633053, -901005.7856059691
48, 560, 258, 561, 57, 206, 191:	-46.63160401019061, -129.12255980178537, 733.9328785806529, -172.39630938878668, -50.04457535321579, -135.22265109147392, -200.51517893520045
208, 259, 260, 21, 279, 249, 58:	-606481.3871585407, 2909853.815816964, -655141.835401991, -219361.9854943975, -576380.216863951, -651030.7949166643, -201457.5959814202
208, 209, 259, 260, 21, 59, 253:	-249225.81495739787, -120529.167913356, -655141.835401991, 3106518.2515736134, -357037.45438892744, -1000976.477716224, -723607.5011957174
210, 261, 262, 216, 202, 14, 63:	-220.7485993720748, 765.7197119312053, -180.55871951786554, -153.79147082747832, -169.57295246712283, -12.428113936297983, -28.619855810365852
261, 262, 55, 264, 217, 202, 63:	-180.55871951786554, 739.3222008543778, -164.2002348660865, -169.26118467986703, -40.2771132025781, -29.68874643365943, -155.33620215432106
64, 203, 263, 264, 410, 411, 13:	-92.81610351058447, -64.32849653951313, 723.9923436751765, -175.97023764463157, -114.93893446692901, -126.30303539057547, -149.63553612294288
64, 263, 262, 55, 264, 217, 203:	-39.729969913033074, -175.97023764463157, -169.26118467986703, -36.99885956488892, 738.2223324695924, -162.81016995754402, -153.45191070962773
224, 467, 68, 9, 471, 265, 254:	-489741.26052090543, -659632.7412789958, -202662.75342814048, -60398.26078671919, -667721.7317045459, 3050483.806964975, -970327.0592456684
226, 67, 69, 266, 395, 397, 222:	-599673.7802485067, -20128.917430927642, -96428.93226910304, 2965649.8075455558, -666308.4761113101, -720849.745342649, -862259.9561430591
370, 371, 70, 227, 184, 267, 44:	-138.85505330935183, -220.54433621006962, -14.918982433349242, -196.85477276021194, -185.79829292153272, 780.1677654344173, -23.196327799902065
212, 78, 361, 268, 362, 60, 238:	-180.51608197108737, -17.527501983113922, -130.10584171370652, 773.2604893057911, -218.56125735410075, -31.146078742515904, -195.40372754126685
241, 253, 22, 79, 269, 270, 239:	-297303.300628218, -666328.980051802, -391827.02731995657, -348105.50382930494, 2880699.879981294, -777991.5083968948, -399143.55975511746
80, 241, 270, 415, 269, 414, 79:	-416903.3672788186, -325963.8300048805, 2933762.163800134, -537859.8117695715, -777991.5083968948, -667074.581407265, -207969.06494270352
416, 81, 245, 23, 273, 413, 271:	-485589.2340195972, -224916.9836967747, -49142.08699878194, -565040.7876202764, -1107749.6763135225, -772251.8939422378, 3204690.6625911905
272, 49, 82, 244, 358, 193, 356:	717.9326973247657, -71.8268261216434, -73.587425843193, -119.79695314354102, -157.92369489940376, -181.14745965717344, -113.65033765981111
273, 274, 83, 245, 81, 243, 271:	3230329.2966704117, -918087.8726859274, -65423.97951710318, -476339.2365725677, -73428.72976237975, -589299.8018189111, -1107749.6763135225
273, 274, 83, 277, 246, 243, 82:	-918087.8726859274, 3071161.226502912, -508400.1336624219, -883401.3844196142, -130101.55895813099, -121722.8797886803, -509447.39698813704
275, 84, 277, 534, 537, 244, 11:	3120278.7449614783, -204735.33039371742, -902167.006465197, -267995.4654284914, -801532.162346639, -249658.53828038464, -694190.2420470486
401, 66, 84, 247, 276, 404, 221:	-739200.5026658894, -88448.26006107364, -14486.219394813015, -871307.4960456433, 2978880.3508283305, -663252.7985469591, -602185.074113952
82, 275, 84, 277, 246, 244, 274:	-147292.38861834968, -902167.006465197, -215677.18086663383, 3059800.417326105, -489876.7590196614, -421385.69793664827, -883401.3844196142
257, 85, 278, 279, 248, 57, 207:	-598121.323751014, -437661.3806921523, 2786489.4478855976, -537517.1576965482, -388339.8062626417, -388501.101804663, -436348.67767857824
259, 85, 278, 279, 249, 58, 207:	-576380.216863951, -550764.254918383, -537517.1576965482, 2811465.193458606, -301342.46689588676, -547211.2688059607, -298249.8282778765
88, 280, 281, 298, 299:	-113.49800014590954, 702.1920934176521, -93.9233512655133, -73.00114613203968, -157.11716680744513
288, 280, 88, 281, 284:	-141.2027898768514, -93.9233512655133, -117.25674160376349, 695.7646351637525, -83.10215067387773
232, 73, 88, 505, 282, 283, 506:	-119.89448430263971, -128.82934857361246, -123.80345531384421, -100.24297479971852, 701.0779913587716, -107.96140626038101, -120.34632210857563
288, 232, 88, 282, 283, 74, 286:	-148.3352253825193, -134.66843569396025, -101.4091196694994, -107.96140626038101, 698.9068955522869, -117.89899908750075, -88.6337094584261
288, 281, 89, 284, 285:	-144.42506900809138, -83.10215067387773, -112.83991219620788, 695.5183911754269, -97.0138676456757
293, 296, 89, 284, 285:	-79.91212388791519, -144.79088837089438, -116.74677616323771, -97.0138676456757, 696.7880152370408
288, 89, 233, 74, 283, 286, 287:	-143.43882617185884, -107.9642064416633, -133.34666740485187, -122.16965805906668, -88.6337094584261, 698.1922631686678, -102.63919563280106
511, 233, 89, 75, 509, 286, 287:	-147.3134905525559, -125.86340486499552, -119.68792619324947, -138.4838187288791, -71.8057654207995, -102.63919563280106, 705.7936013932806
288, 281, 88, 89, 283, 284, 286:	709.5538161808046, -141.2027898768514, -66.14112979487354, -66.01077594661011, -148.3352253825193, -144.42506900809138, -143.43882617185884
289, 290, 372, 369, 90:	695.3220301354296, -94.98820970486892, -128.59053548953045, -86.05774203591977, -128.96607101107358
336, 289, 290, 90, 333:	-148.14733092601062, -94.98820970486892, 698.1459312717939, -100.02306638636284, -105.2572541680852
291, 372, 70, 292, 228, 90, 371:	702.2356625846525, -104.9498891105759, -90.22251566952346, -135.6554460186644, -126.1416688639041, -97.0488212927799, -148.21732162920478
336, 291, 292, 71, 228, 90, 335:	-82.90884709663547, -135.6554460186644, 699.3179343054211, -145.62229396932196, -74.92909606699124, -132.70647459728212, -127.49577655652583
296, 293, 294, 91, 285:	-129.69828601225953, 698.8788551432494, -85.52588720070597, -139.6822891341476, -79.91212388791519
432, 435, 293, 294, 91:	-102.90000187350378, -143.97833889646222, -85.52588720070597, 698.960858300157, -111.31320788886947
512, 434, 435, 295, 91, 76, 510:	-96.60113436406127, -148.4684154469266, -103.90268107370733, 711.8416889337943, -117.23655146980806, -81.03664852099244, -164.59625805829873
512, 293, 296, 89, 91, 285, 511:	-121.14253990497193, -129.69828601225953, 717.8817778959947, -68.2527901981269, -80.83776560306401, -144.79088837089438, -173.15950780667785
475, 297, 298, 92, 477:	-142.56961761830016, 723.7679124311345, -76.5773297713753, -122.95284887411265, -121.02630527244268
92, 280, 297, 298, 299:	-187.85326997368583, -73.00114613203968, -76.5773297713753, 724.0574008780563, -111.01889362462562
280, 507, 88, 506, 299, 92, 298:	-157.11716680744513, -103.27686723239725, -69.99967782518576, -169.4099768759596, 715.562086466208, -104.73950410059479, -111.01889362462562
197, 422, 425, 10, 300, 93, 303:	-118.44175986176819, -135.4351882396768, -116.92397567320488, -93.2134847231795, 694.2781651284254, -92.75860753139064, -137.50514909920528
424, 425, 301, 302, 93:	-107.2628586790832, -105.63832127359493, 691.2351913614729, -110.15147995886583, -131.18593767943557
301, 323, 93, 302, 319:	-110.15147995886583, -141.8079869025871, -94.88649074703297, 693.942034729308, -110.27815410278303
322, 51, 197, 323, 300, 93, 303:	-132.44578181428085, -143.5911221420329, -72.16993575338964, -81.34913046940846, -137.50514909920528, -133.42639064740015, 700.4875099257173
304, 305, 365, 94, 367:	701.2883758181157, -153.49750625460263, -106.18023350058368, -87.69373429666693, -133.7891837561006
304, 305, 494, 497, 94:	-153.49750625460263, 720.0104164447313, -185.518933261229, -99.64247373286065, -78.88679823185839
496, 497, 306, 307, 53, 200, 94:	-160.96034975751672, -121.07855845915273, 713.132863433481, -179.49918691744344, -77.09722903763804, -102.22615082645834, -72.27138843527175
480, 482, 307, 54, 200, 306, 94:	-147.87604273203567, -116.33557104903232, 713.586908521273, -112.66438974148906, -74.24889439000685, -179.49918691744344, -82.96282369126556
308, 309, 329, 331, 95:	705.3455499708941, -118.34446439598345, -154.68983323385828, -107.5913173136768, -99.63783059859554
308, 309, 360, 363, 95:	-118.34446439598345, 693.3704418996533, -96.148472972674, -123.27264423811191, -115.64253743773406
237, 310, 311, 330, 331, 77, 95:	-92.52744801002572, 692.7028845304502, -135.69042896533685, -119.13127491187156, -107.26690501936356, -127.90361325409131, -110.18321436976117
310, 311, 362, 363, 237, 78, 95:	-135.69042896533685, 701.7275796185222, -151.58744821189998, -96.42475603593198, -119.7956821661871, -93.8963100697159, -104.33295416945035
96, 550, 551, 312, 12, 490, 492:	-81.26993821242885, -139.591363565315, -137.7248922884292, 714.478926656842, -73.82390620478638, -135.03679625039123, -147.0320301354913
96, 338, 340, 313, 314:	-87.9941690583581, -120.8438023623778, -135.1100966100882, 694.6742892142584, -131.76483522388287
96, 417, 420, 313, 314:	-103.151584522767, -120.66866065323867, -116.25942585400261, -131.76483522388287, 690.7789713946169
97, 195, 350, 8, 347, 315, 318:	-146.00041380694364, -86.5712913763964, -119.07315165186655, -234.52434110900924, -45.913742109504, 739.6956337610989, -107.61269370737898
320, 97, 324, 316, 317:	-100.99302390990232, -131.72642457946597, -110.00516136368512, 693.6722691267872, -106.95353809104941
97, 374, 376, 316, 317:	-94.54044310406158, -85.80591120207538, -165.34777603699936, -106.95353809104941, 702.6368968030429
97, 50, 195, 324, 321, 315, 318:	-67.50544346521454, -58.243780500336406, -201.76923866323278, -185.53867192090928, -109.37484954546562, -107.61269370737898, 730.0446778025375
320, 98, 323, 302, 319:	-107.22003817988713, -150.26858104185249, -89.0903819794767, -110.27815410278303, 696.5764686611752
320, 98, 324, 316, 319:	696.9794614954628, -91.04854265106435, -152.82546899163106, -100.99302390990232, -107.22003817988713
321, 50, 324, 98, 196, 322, 318:	715.104438575326, -185.08111444170942, -77.14645469561613, -164.39365076362742, -58.21533216057895, -120.89303696832846, -109.37484954546562
51, 322, 323, 196, 321, 98, 303:	-62.96810913493607, 706.6653795560624, -149.71539638990174, -163.96085660213976, -120.89303696832846, -76.68219864647551, -132.44578181428085
303, 98, 323, 319, 322, 302, 93:	-81.34913046940846, -115.22005720738625, 697.4808791596677, -89.0903819794767, -149.71539638990174, -141.8079869025871, -120.2979262109074
320, 97, 98, 324, 321, 316, 318:	-152.82546899163106, -80.33171612222176, -104.29272805235206, 710.1402011464154, -77.14645469561613, -110.00516136368512, -185.53867192090928
19, 99, 468, 325, 472, 441, 442:	-342304.3747360016, -406962.4990175966, -757212.8970893782, 2858593.1582234586, -318096.00339314085, -387795.0587549043, -646222.3252324371
353, 354, 99, 196, 326, 327, 50:	-375561.24544388254, -482841.52095861593, -498355.61532476003, -429533.8577533688, 2772685.9626720496, -435171.00622841064, -551222.7169630113
99, 51, 196, 326, 327, 408, 409:	-323962.21166002133, -365223.78907609935, -637811.4765801583, -435171.00622841064, 2860889.2743119397, -337836.3779039879, -760884.412863262
17, 100, 328, 436, 330, 236, 431:	-99.38924327142618, -128.04927452615155, 697.0628518322907, -114.93529519483155, -93.14568127985515, -139.5150840502111, -122.02827350981511
100, 308, 433, 436, 329, 331:	-133.51687178061553, -154.68983323385828, -174.9238221994708, -77.2549535975065, 722.8234722425829, -103.18864795702734
100, 310, 328, 330, 331, 236, 77:	-150.57344068012313, -119.13127491187156, -93.14568127985515, 697.9123847136347, -97.10549813186785, -121.88641152041208, -116.07007818950487
100, 310, 329, 308, 330, 331, 95:	-149.96115345653877, -107.26690501936356, -103.18864795702734, -107.5913173136768, -97.10549813186785, 699.4336473400641, -134.32012546158967
229, 20, 101, 474, 332, 478, 335:	-70.56270708632391, -165.27679119727247, -150.88968258812162, -114.25685439199108, 704.743787241363, -79.93073432100962, -123.82701765664416
336, 290, 101, 333, 334:	-82.91684332945682, -105.2572541680852, -153.6196453705448, 705.0852872051189, -122.36778833947383
475, 101, 334, 333, 478:	-153.3839296939026, -74.73877945180124, 713.883299546584, -122.36778833947383, -135.88209310281582
336, 292, 101, 71, 335, 332, 229:	-148.1338080717947, -127.49577655652583, -76.65753977317758, -70.78152563664685, 703.2160590437963, -123.82701765664416, -156.32039134900717
336, 290, 292, 101, 90, 333, 335:	698.773912984193, -148.14733092601062, -82.90884709663547, -120.3073478954237, -116.35973566487161, -82.91684332945682, -148.1338080717947
337, 338, 102, 498, 494:	720.8990468380372, -143.5896027278921, -90.95932045107524, -85.70356738284582, -191.02720014080114
337, 338, 102, 340, 313:	-143.5896027278921, 696.9869946574197, -116.2634819004107, -97.94613730343721, -120.8438023623778
498, 339, 52, 102, 491, 493, 495:	-109.04235811289756, 741.5096296935325, -33.10984444288229, -77.59852599019852, -190.15642350735112, -137.96358474529418, -193.63889289490882
96, 338, 340, 102, 313, 492, 493:	-103.10096917444857, -97.94613730343721, 700.6651332156232, -130.4527565475126, -135.1100966100882, -128.80995759521156, -105.24521598492507
440, 341, 342, 103, 7, 443, 205:	-384220.325013459, 2952264.3216576995, -698843.0399777659, -403246.016453292, -854064.0351306389, -476024.8725142133, -135866.0325683301
452, 342, 454, 103, 56, 205, 341:	-738381.611460201, 2921408.621689526, -410895.3836443622, -294981.8298683974, -242225.62443338623, -536081.132305413, -698843.0399777659
228, 453, 70, 103, 344, 454, 343:	-477387.15848030406, -481788.878416109, -388338.6117750857, -352605.139606268, -536898.217337244, -546173.5833173696, 2783191.5889323805
464, 465, 228, 343, 344, 71, 103:	-438315.0853714708, -553737.2360045997, -449464.13904421474, -536898.217337244, 2780017.4028852214, -439015.03671519563, -362587.68841249647
49, 521, 536, 519, 104, 345, 538:	-257135.71529491438, -458867.660634973, -668529.2331184183, -645855.8786037312, -390703.1297721713, 2847763.4127074075, -426671.7952831993
520, 52, 569, 104, 521, 346, 571:	-764282.3295686692, -255985.55006206417, -571727.0926125578, -379790.4876724989, -387278.53741904045, 2872177.12366546, -513113.12633062905
315, 457, 8, 105, 347, 460, 350:	-45.913742109504, -104.27590346519841, -203.27085432806462, -131.49686393768525, 722.3142434859382, -94.13863733069442, -143.21824231479155
348, 105, 458, 188, 460, 46, 349:	692.06830349067, -106.25172929721714, -102.5640451480808, -133.38618018839708, -136.11390093404336, -108.66775757440229, -105.0846903485293
105, 375, 348, 377, 188, 349, 47:	-116.08076634832352, -111.31545118860114, -105.0846903485293, -121.31278559044861, -126.11485085960632, 690.6824886730178, -110.77394433750875
97, 347, 105, 376, 377, 315, 350:	-89.85084283958264, -143.21824231479155, -92.99209770280225, -156.43928812805916, -101.20837543310179, -119.07315165186655, 702.7819980702039
352, 7, 440, 106, 444, 190, 351:	-346995.1990129522, -430718.7710555415, -484832.52457300364, -576209.9826673771, -431995.80140129826, -547719.7877465712, 2818472.066456744
352, 353, 195, 8, 106, 190, 351:	2864645.161921815, -362490.08669772604, -644722.2728319343, -301592.7787162459, -557751.9665851727, -651092.8580777838, -346995.1990129522
352, 353, 50, 195, 326, 106, 354:	-362490.08669772604, 2813610.210905875, -557410.8331853703, -460271.8607161763, -375561.24544388254, -607920.8721955556, -449955.3126671642
353, 354, 99, 326, 106, 444, 442:	-449955.3126671642, 2809374.6735478095, -406929.20969748875, -482841.52095861593, -547525.0865219915, -331158.05063319247, -590965.4930693567
194, 355, 356, 550, 552, 107, 12:	-112.54848546452078, 710.435566333784, -158.2182501778996, -134.5146938319657, -140.30789829610316, -77.4946939454887, -87.35154461780594
272, 49, 194, 355, 356, 358, 107:	-113.65033765981111, -126.86648589568922, -85.37734890714643, -158.2182501778996, 707.7442788925214, -131.72818518550628, -91.90367106646863
81, 523, 357, 358, 243, 107, 524:	-105.94131268446797, -142.72850574857733, 728.4821506489251, -193.22025653436134, -74.48093530936508, -72.82063540257745, -139.29050496957595
272, 82, 243, 356, 357, 358, 107:	-157.92369489940376, -80.08055605738734, -93.26970634258706, -131.72818518550628, -193.22025653436134, 725.8614579560543, -69.6390589368087
211, 359, 360, 361, 108:	-161.10137990657088, 725.8908223007705, -87.03461818691044, -135.4787125772969, -97.4843661779449
363, 309, 359, 360, 108:	-90.17923249173026, -96.148472972674, -87.03461818691044, 713.3113468264329, -184.2581676423411
211, 268, 359, 361, 362, 108, 60:	-49.239436042905645, -130.10584171370652, -135.4787125772969, 734.4749231962296, -49.17183735835539, -191.39187840946343, -179.08721709450182
108, 311, 361, 362, 363, 268, 78:	-131.81363614299204, -151.58744821189998, -49.17183735835539, 742.0559310683664, -126.0863202681432, -218.56125735410075, -64.83543173287498
309, 311, 360, 362, 363, 108, 95:	-123.27264423811191, -96.42475603593198, -90.17923249173026, -126.0863202681432, 698.2314259614158, -134.35131793487483, -127.9171549926236
364, 219, 109, 366, 365:	715.543982704042, -161.2990459055842, -128.37018027686793, -96.36798331100675, -92.23998991585665
304, 367, 364, 365, 109:	-106.18023350058368, -98.07905332241714, -92.23998991585665, 706.4132958267542, -163.22526961745
65, 483, 481, 219, 364, 109, 366:	-113.07440544228879, -83.93307179940473, -133.3238162770175, -124.15213837793786, -96.36798331100675, -156.15667458101805, 707.0080897886736
304, 482, 483, 365, 109, 94, 367:	-133.7891837561006, -125.21014674243293, -110.25453589245416, -98.07905332241714, -131.98146033977977, -104.31096483498482, 703.6253448881694
368, 183, 370, 110, 369:	731.656523294244, -156.93645363400896, -147.0816451427161, -93.68082787427026, -81.73467314982729
368, 369, 372, 289, 110:	-81.73467314982729, 719.4166196368288, -93.29894655857544, -86.05774203591977, -192.80330574746682
368, 370, 371, 183, 267, 44, 110:	-147.0816451427161, 742.3600450887604, -43.04121794714905, -39.94486743879516, -138.85505330935183, -182.33138649444953, -191.1058747562986
370, 291, 372, 70, 371, 267, 110:	-43.04121794714905, -148.21732162920478, -126.46970589606083, -67.94792023034749, 744.8196127163112, -220.54433621006962, -138.5991108034795
289, 291, 372, 369, 90, 371, 110:	-128.59053548953045, -104.9498891105759, 697.354915825206, -93.29894655857544, -117.4551307355533, -126.46970589606083, -126.59070803491007
373, 374, 375, 111, 189:	720.1367852944046, -85.70978737635113, -117.90969475123387, -112.44219513280508, -159.98541719981824
374, 373, 376, 317, 111:	718.8445510765107, -85.70978737635113, -95.94022647328649, -85.80591120207538, -188.21903229001003
373, 349, 375, 377, 111, 189, 47:	-117.90969475123387, -111.31545118860114, 705.5444405568468, -81.12161525240431, -159.99312719119206, -84.5496541941273, -150.65489797928814
97, 374, 376, 377, 317, 350, 111:	-72.78965075782415, -95.94022647328649, 713.7297405917957, -108.73286389306344, -165.34777603699936, -156.43928812805916, -114.47993530256306
105, 376, 377, 375, 349, 350, 111:	-130.39962289046963, -108.73286389306344, 700.8329718535414, -81.12161525240431, -121.31278559044861, -101.20837543310179, -158.05770879405355
112, 530, 532, 21, 249, 378, 381:	-350722.8139401855, -641680.5585481387, -434349.28913031484, -254228.58364746138, -592785.4444979319, 2733212.5341847884, -459445.84442075633
528, 112, 232, 73, 379, 380, 526:	-434161.1443192045, -410496.4935576067, -564256.9720810374, -328587.07622657466, 2702674.798197523, -405957.7067123892, -559215.405300711
112, 531, 532, 232, 74, 379, 380:	-426065.6195052551, -581433.532918699, -419546.91855514573, -561268.8746589979, -332331.3833278139, -405957.7067123892, 2726604.0356783005
112, 528, 85, 249, 378, 381, 527:	-469852.4023580331, -432552.6166533058, -529066.4557145763, -372669.3322893909, -459445.84442075633, 2652972.8602639856, -389386.2088279234
113, 530, 533, 385, 21, 382, 239:	-371880.18042442924, -631642.7460489516, -417958.25959855365, -450071.08562868275, -269495.65367341164, 2724746.233401473, -583698.3080274443
384, 113, 531, 533, 233, 74, 383:	-420443.4632856531, -400944.38313306926, -595293.7450968707, -433473.94271222455, -564609.1701178906, -317754.0711858667, 2732518.775531575
384, 113, 514, 516, 233, 75, 383:	2689000.330690291, -437955.0124488729, -529292.2373091386, -410544.98882783577, -520475.9612737412, -370288.667545049, -420443.4632856531
385, 515, 516, 113, 239, 382, 79:	2658941.563381321, -439500.1910711847, -436438.6563284412, -450300.34899372514, -426433.64351755497, -450071.08562868275, -456197.63784173154
513, 386, 245, 389, 23, 114, 517:	-677431.1372523676, 2744502.7132558003, -250219.1486037135, -665657.9023786851, -438406.4752719399, -403992.608773054, -308795.4409760405
514, 387, 388, 517, 234, 75, 114:	-638878.5283486445, 2757805.67227582, -398827.9427946006, -453587.0852290469, -673316.8526296049, -237412.87417922818, -355782.38909469475
114, 387, 388, 405, 234, 76, 402:	-478470.1876834476, -398827.9427946006, 2680049.3777165785, -504631.78176975856, -429840.69507872284, -552489.9281339158, -315788.84225613315
114, 83, 389, 405, 403, 386, 245:	-403540.82189071167, -420402.66553695773, 2730729.405541233, -323724.99155005126, -636728.2995659101, -665657.9023786851, -280674.72461891716
224, 529, 115, 390, 391, 24, 525:	-163999.69038667655, -345649.0235108544, -343921.14919486654, 2802902.270794468, -792170.6344797739, -505905.2624383378, -651256.5107839587
224, 115, 68, 390, 391, 396, 399:	-294989.09336757095, -280439.71227474295, -345274.99118255195, -792170.6344797739, 2790332.2859700215, -675328.1460001962, -402129.7086651856
72, 115, 231, 392, 603, 398, 399:	-454595.56992496795, -393053.9422268523, -481949.213264558, 2680207.0279505816, -439353.26326890744, -379689.2560375908, -531565.783227705
529, 115, 73, 393, 603, 252, 526:	-462598.1025327912, -211563.82198322678, -144017.51354839254, 2853748.4055976253, -710144.9978914978, -613809.1457539218, -711614.823887795
225, 20, 230, 116, 394, 397, 398:	-540992.2046829885, -168067.46788553102, -824321.5775257563, -239566.1876742966, 2848431.536949643, -720853.5098066183, -354630.5893744519
67, 116, 266, 395, 396, 397, 223:	-714854.1912522562, -631164.1175485218, -666308.4761113101, 2876612.5487792166, -654137.6148270906, -138403.9078887967, -71744.24115124138
68, 399, 391, 116, 395, 396, 223:	-181507.4406021136, -480307.8584500939, -675328.1460001962, -235065.8784172118, -654137.6148270906, 2768222.656903675, -541875.7186069688
225, 116, 69, 394, 395, 266, 397:	-145897.11629357393, -528598.5251285771, -585153.53923211, -720853.5098066183, -138403.9078887967, -720849.745342649, 2839756.3436923255
392, 116, 230, 72, 394, 398, 399:	-379689.2560375908, -628409.7476806638, -428901.9957243671, -567069.4175007436, -354630.5893744519, 2710853.4126338298, -352152.40631601284
115, 116, 391, 392, 396, 398, 399:	-420918.1847450789, -476322.0638726599, -402129.7086651856, -531565.783227705, -480307.8584500939, -352152.40631601284, 2663396.0052767363
400, 401, 402, 117, 17, 235, 220:	2862486.9139017817, -741235.0750671292, -359361.07377622556, -228163.42149158593, -154705.78458157842, -832028.3405001997, -546993.2184850632
400, 401, 66, 276, 117, 404, 220:	-741235.0750671292, 2859229.1349301036, -591755.722250426, -739200.5026658894, -525202.7084370804, -127120.83706976002, -134714.2894398183
400, 402, 388, 117, 235, 76, 405:	-359361.07377622556, 2725204.1111063813, -315788.84225613315, -660877.2334195086, -373596.6557817317, -647676.7350438666, -367903.5708289159
83, 404, 117, 246, 389, 403, 405:	-162379.94915101206, -633580.0641745259, -215748.0101620635, -585016.4743741589, -636728.2995659101, 2776391.9372967677, -542939.1398690972
246, 403, 84, 117, 276, 401, 404:	-62658.57223688962, -633580.0641745259, -737840.6815199687, -668794.4318861859, -663252.7985469591, -127120.83706976002, 2893247.3854342895
114, 403, 388, 405, 389, 402, 117:	-472668.5241460983, -542939.1398690972, -504631.78176975856, 2674336.0437832484, -323724.99155005126, -367903.5708289159, -462468.03561932716
192, 197, 406, 407, 408, 10, 118:	-614094.2853053142, -855005.8227911369, 2953501.5958704147, -647381.1441918341, -334635.24771524087, -166501.18906015207, -335883.9068067366
48, 192, 469, 406, 407, 473, 118:	-630353.9601801282, -175770.77405115782, -677177.4585695914, -647381.1441918341, 2967418.373939617, -110813.287668482, -725921.7492784236
51, 197, 406, 327, 408, 409, 118:	-775134.9397475685, -300496.4653288983, -334635.24771524087, -337836.3779039879, 2974649.3723755004, -321769.26448001596, -904777.0771997885
408, 473, 99, 118, 327, 472, 409:	-321769.26448001596, -607305.5091035869, -272638.8530116267, -381671.72560506954, -760884.412863262, -555460.4532882918, 2899730.2183518526
411, 484, 119, 410, 263, 13, 479:	-96.16325090223874, -91.10365182774605, -181.04307011999586, 725.961083302313, -114.93893446692901, -129.57058277085713, -113.14159321454622
64, 263, 119, 218, 411, 412, 410:	-114.11411154027743, -126.30303539057547, -218.03291972734272, -157.93471519836254, 766.7807593471982, -54.23272658840136, -96.16325090223874
481, 484, 65, 119, 218, 411, 412:	-164.56121398336143, -85.74284521841, -84.83436310434362, -191.09881684122837, -191.84482673317393, -54.23272658840136, 772.3147924689187
416, 599, 120, 250, 23, 413, 271:	-381860.8371792658, -421681.3045879996, -448664.694258094, -872625.749642195, -101499.24336678768, 2998583.7229765793, -772251.8939422378
240, 414, 599, 120, 415, 270, 79:	-776521.6000328767, 2980719.417129784, -438571.59972741856, -487214.507613734, -366988.7760539624, -667074.581407265, -244348.35229452638
80, 416, 242, 414, 120, 270, 415:	-417607.3105031584, -389080.2045067691, -514354.76729142206, -366988.7760539624, -592538.5572572757, -537859.8117695715, 2818429.4273821595
416, 81, 242, 120, 415, 413, 271:	2888328.968275004, -499093.26314019563, -481771.0427620831, -650934.386667093, -389080.2045067691, -381860.8371792658, -485589.2340195972
417, 418, 420, 121, 314:	702.8908151888643, -154.19440449223725, -146.83216980480722, -74.2619209440546, -120.66866065323867
448, 417, 418, 121, 445:	-136.22961124377855, -154.19440449223725, 700.4384178749132, -83.57992275732076, -116.98663798326103
448, 547, 419, 86, 545, 121, 447:	-152.06477099225145, -158.2826290610192, 718.8510556083828, -126.27960286341573, -95.1597906295073, -86.92087703528125, -100.14338502690791
96, 417, 420, 553, 551, 121, 314:	-90.5689542600773, -146.83216980480722, 717.7682887032535, -147.82297646497602, -134.28453562907964, -82.00022669031065, -116.25942585400261
546, 547, 421, 553, 552, 121, 107:	-143.397322656421, -151.34652368615005, 732.115006578932, -158.0523795052548, -150.28835867742205, -68.0130543656145, -61.017367688069584
422, 425, 540, 122, 300, 10, 542:	693.7178440464952, -111.08080628620874, -137.0310628199133, -110.7833491100675, -135.4351882396768, -89.58043539043865, -109.80700220019031
449, 424, 122, 423, 446:	-125.85781581108641, -103.54521328506257, -116.63442700930253, 690.4903730383974, -102.64130755188197
423, 424, 425, 122, 301:	-103.54521328506257, 690.1263668278967, -122.0374270149633, -117.68453331929791, -107.2628586790832
422, 424, 425, 122, 300, 93, 301:	-111.08080628620874, -122.0374270149633, 689.8171840989909, -113.82176994837079, -116.92397567320488, -120.31488390264829, -105.63832127359493
427, 53, 200, 426, 123, 572, 570:	-782301.6962306763, -480054.1696674344, -258719.40542849473, 2869785.3571618916, -305829.4916375009, -445871.3947724941, -597009.1994252908
427, 54, 200, 426, 123, 588, 586:	2954122.834903127, -291311.61298784625, -411371.292205811, -782301.6962306763, -273486.2141882216, -370948.90924771386, -824703.1100428583
500, 502, 566, 567, 87, 123, 428:	-478940.8625975773, -561379.5564532541, -431107.48373339005, -628659.2298633257, -401699.08713387157, -302065.05180222134, 2803851.27158364
576, 577, 555, 124, 429, 78, 557:	-558116.530341414, -545595.8581942196, -678459.8590357958, -371687.3249115865, 2852502.276033593, -310013.7087881633, -388628.9947624136
566, 87, 568, 556, 124, 557, 430:	-422980.6906154265, -416719.63722038886, -550129.814724239, -536167.5183016192, -405250.9661377927, -437719.1873530762, 2768967.8143525426
17, 434, 436, 328, 235, 125, 431:	-147.04028796782154, -133.44864326339803, -84.98902644977571, -122.02827350981511, -77.00001068206171, -134.26773260295036, 698.7739744758225
432, 433, 435, 294, 125:	705.4891090407712, -130.04645075288929, -87.16500726021604, -102.90000187350378, -146.08057091081463
433, 432, 436, 329, 125:	724.1556690166825, -130.04645075288929, -124.46438784363505, -174.9238221994708, -71.33146413570084
434, 435, 295, 235, 76, 125, 431:	703.2054432811223, -125.52356224143423, -148.4684154469266, -144.71208311890544, -70.27607624190321, -80.77666296855483, -133.44864326339803
432, 434, 435, 294, 295, 91, 125:	-87.16500726021604, -125.52356224143423, 694.4479871377793, -143.97833889646222, -103.90268107370733, -107.01756781622416, -126.86082984973521
433, 436, 329, 328, 100, 125, 431:	-124.46438784363505, 707.4258506315186, -77.2549535975065, -114.93529519483155, -163.67618491556482, -142.10600263020513, -84.98902644977571
208, 562, 563, 437, 438, 58, 126:	-108.10531464050375, -150.92258006901727, -123.9561614934583, 710.2437404127114, -173.86919001109572, -79.5220486496346, -73.8684455490018
592, 208, 437, 438, 59, 126, 591:	-107.81265416935311, -74.5681936660435, -173.86919001109572, 717.2365856545871, -113.81190279195093, -90.00144613971699, -157.173198876427
545, 548, 86, 439, 541, 126, 543:	-83.80256629610447, -155.68344024841502, -132.91531968315888, 700.0483201636873, -111.8693890769668, -89.39339352880936, -126.3842113302327
443, 341, 7, 440, 351, 444, 127:	-505935.40908864414, -384220.325013459, -513734.7050257416, 2779582.4888958805, -484832.52457300364, -404096.2901686589, -486763.2350263735
466, 19, 325, 441, 442, 461, 127:	-402295.3644785657, -577943.900872977, -387795.0587549043, 2789494.9139395445, -460683.8697804314, -426750.38985986024, -534026.330192806
354, 99, 325, 441, 442, 444, 127:	-590965.4930693567, -267910.49716355046, -646222.3252324371, -460683.8697804314, 2825320.254679955, -503593.7135013237, -355944.3559328556
465, 466, 341, 103, 440, 443, 127:	-512797.3253274504, -468849.0537868296, -476024.8725142133, -412975.2211996224, -505935.40908864414, 2778876.691167892, -402294.80925113196
354, 440, 106, 351, 444, 442, 127:	-331158.05063319247, -404096.2901686589, -608025.9447590661, -431995.80140129826, 2794970.4001029083, -503593.7135013237, -516100.5996393687
448, 418, 128, 445, 446:	-118.92252173104569, -116.98663798326103, -113.84986538083048, 690.6875720674132, -107.05814117821157
128, 449, 423, 445, 446:	-127.75958128137006, -112.71246863339685, -102.64130755188197, -107.05814117821157, 690.9604588373816
544, 128, 419, 448, 86, 541, 447:	-109.19755621660664, -135.07318924941956, -100.14338502690791, -108.13485068693785, -161.54605452306623, -90.87408259814137, 704.9691183010794
448, 128, 418, 419, 121, 445, 447:	705.0751390081689, -102.40568410198395, -136.22961124377855, -152.06477099225145, -87.31770025217136, -118.92252173104569, -108.13485068693785
128, 449, 446, 544, 122, 423, 542:	-105.67534257556244, 690.758146245721, -112.71246863339685, -128.42500981157755, -106.88999856388726, -125.85781581108641, -111.1975108502106
129, 450, 227, 5, 185, 451, 453:	-365569.80210717797, 2901383.2881702487, -689546.5168914278, -172886.91732669598, -758968.475244716, -446625.5996744847, -467785.9769257461
256, 129, 450, 451, 452, 185, 45:	-384712.5253421626, -855152.1163048737, -446625.5996744847, 3004656.4909014036, -263654.8594947737, -181106.60348835879, -873404.7865967501
256, 129, 451, 452, 454, 342, 56:	-959604.2758110622, -438035.38018953335, -263654.8594947737, 3031817.954411774, -473568.3518974467, -738381.611460201, -158573.47555875644
129, 450, 227, 453, 70, 343, 454:	-696930.9912332988, -467785.9769257461, -325653.5728519451, 2844521.9085110584, -588204.4841452885, -481788.878416109, -284158.0049386706
129, 452, 454, 342, 343, 103, 453:	-629272.7722117002, -473568.3518974467, 2828558.66087969, -410895.3836443622, -546173.5833173696, -484490.5648701411, -284158.0049386706
130, 187, 6, 455, 458, 459, 204:	-81.43382012207475, -175.53866136632524, -36.54408830824192, 726.5159974681992, -115.44988457970821, -131.09044572857078, -186.4590973632782
130, 7, 456, 457, 459, 205, 190:	-110.64568974306391, -57.87148503593, 720.0464468685159, -89.66856203234205, -120.52190524900774, -167.2576513410811, -174.08115346709104
456, 130, 8, 457, 347, 460, 190:	-89.66856203234205, -112.1715691154496, -103.85114443910106, 701.3494834246903, -104.27590346519841, -141.3657550088737, -150.01654936372563
130, 455, 460, 458, 187, 348, 46:	-141.50392889851506, -115.44988457970821, -98.09815055593178, 696.8722558824917, -87.46055834237876, -102.5640451480808, -151.7956883578771
56, 130, 455, 456, 459, 204, 205:	-327.7471291469293, -142.07403689532475, -131.09044572857078, -120.52190524900774, 798.6503692474344, -33.49641168497078, -43.720440542631124
130, 105, 457, 458, 347, 348, 460:	-108.83966793019187, -114.92698172434197, -141.3657550088737, -98.09815055593178, -94.13863733069442, -136.11390093404336, 693.4830934840771
466, 226, 19, 131, 441, 461, 463:	-530266.5883539428, -599654.0325933879, -405125.97215565824, -443996.05690599116, -426750.38985986024, 2809327.563918529, -403534.5240496888
464, 225, 131, 20, 229, 462, 463:	-451875.52992737346, -734338.8192966278, -330974.84160955687, -170212.90116750114, -677927.3436226719, 2908280.6599281887, -542951.2243044577
225, 226, 131, 69, 461, 462, 463:	-160807.36275973654, -212290.1981708561, -589957.5137212488, -1268363.4565178803, -403534.5240496888, -542951.2243044577, 3177904.279523868
464, 465, 131, 229, 71, 344, 462:	2775932.379859369, -411343.00396919774, -538754.1971345681, -396597.9786996849, -539046.5847570735, -438315.0853714708, -451875.52992737346
464, 465, 466, 131, 103, 344, 443:	-411343.00396919774, 2785235.3793724617, -460555.49260400154, -462266.58394091716, -384535.7375262948, -553737.2360045997, -512797.3253274504
465, 466, 131, 441, 443, 461, 127:	-460555.49260400154, 2770011.169593025, -431397.5061344225, -402295.3644785657, -468849.0537868296, -530266.5883539428, -476647.164235263
467, 132, 469, 265, 9, 471, 191:	3016844.2908368716, -454256.135342884, -839228.2186944204, -659632.7412789958, -739211.6817874333, -283211.03060347575, -41304.483129661756
19, 132, 325, 470, 472, 468, 222:	-58008.694061013724, -141492.44323429203, -757212.8970893782, -807933.5718319167, -557668.1795424792, 3072978.294596251, -750662.5088371712
48, 467, 132, 469, 407, 473, 191:	-113629.79541249548, -839228.2186944204, -104869.87685521756, 3030660.6820317456, -677177.4585695914, -691515.5079008318, -604239.8245991892
67, 132, 470, 471, 468, 222, 223:	-1150780.871463335, -420696.79426282406, 3220768.5380093157, -444992.50599871564, -807933.5718319167, -24594.810277143057, -371769.9841753816
132, 467, 68, 470, 471, 265, 223:	-577119.2427427527, -283211.03060347575, -415719.82654504373, -444992.50599871564, 2838510.090848613, -667721.7317045459, -449745.7532540798
473, 99, 468, 325, 409, 472, 132:	-280546.8695060911, -541648.4312748099, -557668.1795424792, -318096.00339314085, -555460.4532882918, 2821933.169719547, -568513.2327147345
132, 469, 118, 409, 472, 473, 407:	-549989.177575353, -691515.5079008318, -691372.3005354723, -607305.5091035869, -280546.8695060911, 2931542.6522898166, -110813.287668482
20, 133, 230, 476, 474, 332, 478:	-81.41883224566834, -94.38265510606294, -170.02178907138443, -95.00651759415786, 703.5198624316992, -114.25685439199108, -148.43321402243447
475, 133, 478, 297, 477, 334:	708.2975213820165, -126.69495240955608, -90.14199956525584, -142.56961761830016, -105.20314412742306, -153.3839296939026
504, 133, 230, 72, 476, 474, 508:	-90.7217911397876, -148.85913709647417, -113.56833233943675, -149.0109408292106, 702.665695666452, -95.00651759415786, -105.49897666738504
475, 133, 297, 92, 507, 508, 477:	-105.20314412742306, -112.73642812126664, -121.02630527244268, -144.11282531681852, -73.79662764845128, -144.65901553466696, 701.5343460210692
133, 478, 474, 475, 332, 334, 101:	-117.55094996639352, 698.4073497581707, -148.43321402243447, -90.14199956525584, -79.93073432100962, -135.88209310281582, -126.46835878026135
480, 484, 134, 201, 410, 13, 479:	-136.8967662003294, -98.66772505688056, -121.84717653662024, -79.2128269021126, -113.14159321454622, -154.9638602260178, 704.7299481365067
480, 482, 307, 134, 54, 201, 479:	703.9120773836662, -112.11634475567536, -147.87604273203567, -93.84244306882307, -74.92989149713294, -138.25058912966978, -136.8967662003294
481, 483, 484, 134, 65, 412, 366:	716.2067359182356, -130.52522896995893, -112.77362349514917, -89.38169413189134, -85.64115906085723, -164.56121398336143, -133.3238162770175
480, 482, 307, 134, 483, 94, 367:	-112.11634475567536, 699.5149544244315, -116.33557104903232, -128.57800170066488, -102.73169440168962, -114.54319577493646, -125.21014674243293
481, 482, 483, 134, 109, 366, 367:	-130.52522896995893, -102.73169440168962, 698.2185690403708, -123.87976645847489, -146.89427151838834, -83.93307179940473, -110.25453589245416
481, 484, 134, 119, 410, 412, 479:	-112.77362349514917, 743.3307019464028, -143.3862810556638, -211.6565752925532, -91.10365182774605, -85.74284521841, -98.66772505688056
17, 485, 487, 488, 220, 135, 236:	-150791.4986311724, 2934242.0811090665, -644949.979115311, -475569.2026296975, -682449.5370315635, -271658.812716375, -708823.0509849471
18, 499, 486, 487, 503, 135, 221:	-405651.451319272, -430976.4675465368, 2816253.817955645, -469362.44219715556, -549929.3912471244, -407643.7653528786, -552690.300292677
66, 485, 486, 135, 487, 220, 221:	-1151871.1643166356, -644949.979115311, -469362.44219715556, -475736.7949604511, 3135489.080050151, -135071.35033124848, -258497.34912934905
485, 135, 488, 554, 236, 77, 558:	-475569.2026296975, -436594.3449337253, 2786688.202397304, -345330.9345495543, -429599.073318094, -550758.3665825666, -548836.2803836663
500, 135, 489, 87, 503, 556, 558:	-413566.75489332667, -392827.72654263, 2777843.5223870925, -480257.89801078313, -537022.6481155003, -438129.6400579616, -516038.8547668909
312, 198, 136, 601, 490, 12, 492:	-135.03679625039123, -151.97857371790622, -155.30795588019967, -81.99834908482103, 715.043243913222, -96.1922223356577, -94.52934664424608
339, 52, 251, 136, 601, 491, 493:	-190.15642350735112, -56.71382469997147, -171.0814822921589, -122.86325521912303, -146.64107220380845, 755.2038350758417, -67.74777715342861
96, 136, 340, 312, 490, 492, 493:	-102.01323158349223, -128.31619254417475, -128.80995759521156, -147.0320301354913, -94.52934664424608, 714.0134404103416, -113.31268190772556
339, 340, 102, 136, 491, 492, 493:	-137.96358474529418, -105.24521598492507, -121.56229479629224, -168.80079236705944, -67.74777715342861, -113.31268190772556, 714.6323469547251
497, 498, 337, 137, 305, 494:	-102.97648257500182, -100.66104523818706, -191.02720014080114, -99.70197087109764, -185.518933261229, 736.9035134025042
496, 498, 339, 52, 199, 137, 495:	-146.4472868490299, -62.0429156596545, -193.63889289490882, -78.92633091810104, -115.69424595411161, -120.79987953765469, 717.5495518134607
496, 497, 306, 53, 199, 137, 495:	707.727267021366, -65.9875971778252, -160.96034975751672, -111.81574822084433, -85.85877596668962, -136.6575090494601, -146.4472868490299
496, 497, 306, 494, 305, 137, 94:	-65.9875971778252, 715.3499830111618, -121.07855845915273, -102.97648257500182, -99.64247373286065, -185.95316764351372, -139.71170342280774
337, 498, 339, 102, 137, 494, 495:	-85.70356738284582, 721.2591773280933, -109.04235811289756, -166.0010621180057, -197.8082288165026, -100.66104523818706, -62.0429156596545
18, 499, 486, 503, 535, 138, 539:	-504325.30405500653, 2803242.750739192, -430976.4675465368, -524706.6495157145, -398708.7553184795, -395487.57478396804, -549037.9995194866
500, 502, 87, 489, 138, 503, 428:	2765589.575358321, -455304.0477250897, -470434.01898819045, -413566.75489332667, -428859.84169312974, -518484.049461007, -478940.8625975773
539, 501, 104, 138, 571, 538, 573:	-524124.3667574697, 2788466.453758984, -449156.9403452331, -389977.4311348677, -421549.5138634445, -455493.1203054639, -548165.0813525051
500, 502, 572, 138, 123, 428, 573:	-455304.0477250897, 2795743.7654890157, -442015.0682056487, -372021.0130215423, -380896.5684480282, -561379.5564532541, -584127.5116354531
499, 500, 486, 135, 489, 138, 503:	-524706.6495157145, -518484.049461007, -549929.3912471244, -330602.63645057275, -537022.6481155003, -344780.5128677222, 2805525.8876576414
72, 231, 504, 604, 139, 508, 476:	-108.64670947521776, -159.58450669002497, 711.0662031113287, -97.01546666865414, -100.54588188837636, -154.5518472492679, -90.7217911397876
252, 73, 505, 506, 139, 604, 282:	-155.78806607093728, -105.10751652812567, 712.8086614283887, -149.98269844889694, -95.28998473256948, -106.39742084814075, -100.24297479971852
299, 88, 505, 506, 139, 282, 507:	-169.4099768759596, -87.87821853195288, -149.98269844889694, 712.9083564546299, -97.84597359379953, -120.34632210857563, -87.44516689544541
139, 508, 506, 299, 92, 477, 507:	-159.24095309905192, -109.28949678348314, -87.44516689544541, -103.27686723239725, -176.26397817382343, -73.79662764845128, 709.3130898326524
507, 133, 504, 508, 139, 476, 477:	-109.28949678348314, -96.27191469865944, -154.5518472492679, 698.9966676730616, -88.72541673959904, -105.49897666738504, -144.65901553466696
511, 234, 75, 140, 509, 510, 287:	-111.34563060450306, -110.97934694794293, -176.38780446577385, -242.95372152984982, 769.8584095517082, -56.3861405828391, -71.8057654207995
512, 295, 76, 234, 140, 509, 510:	-97.78042862990137, -164.59625805829873, -68.66622102184691, -210.21405178323812, -166.83703895546032, -56.3861405828391, 764.4801390315845
512, 296, 89, 511, 140, 509, 287:	-61.25266355838105, -173.15950780667785, -90.22473017087758, 750.444876052893, -167.14885335989743, -111.34563060450306, -147.3134905525559
512, 295, 296, 91, 140, 510, 511:	754.793140844084, -96.60113436406127, -121.14253990497193, -142.25745331054685, -235.75892107622144, -97.78042862990137, -61.25266355838105
513, 386, 517, 23, 600, 250, 141:	2781001.0289130723, -677431.1372523676, -447974.9378030485, -142395.13471095465, -595300.32217496, -619052.060758373, -298847.43621336896
384, 514, 387, 516, 517, 75, 141:	-529292.2373091386, 2735034.368223054, -638878.5283486445, -485634.51331025106, -346941.0066451919, -327817.213254953, -406470.8693548748
240, 385, 515, 516, 600, 141, 79:	-471723.82977191976, -439500.1910711847, 2684680.8479579687, -438490.6789554693, -394510.50719158945, -490967.3619224876, -449488.279045318
384, 113, 514, 515, 516, 385, 141:	-410544.98882783577, -465164.216704431, -485634.51331025106, -438490.6789554693, 2657541.185973719, -436438.6563284412, -421268.1318472907
513, 386, 387, 517, 514, 114, 141:	-447974.9378030485, -308795.4409760405, -453587.0852290469, 2693626.364054384, -346941.0066451919, -557694.9947430261, -578632.8986580303
194, 518, 198, 519, 602, 12, 142:	-552442.9240390165, 2924668.5546929548, -838394.962017905, -473975.34002340335, -292016.2275549851, -261143.89679413236, -506695.2042635126
49, 194, 521, 518, 519, 345, 142:	-359401.7813569393, -536837.0505334081, -308635.0155649025, -473975.34002340335, 2861494.5003224094, -645855.8786037312, -536789.4342400247
52, 520, 521, 602, 251, 346, 142:	-106684.8784494434, 3063088.6428796123, -388473.02193345246, -523582.13777275494, -926283.5810051438, -764282.3295686692, -353782.6941501483
520, 345, 104, 521, 346, 519, 142:	-388473.02193345246, -458867.660634973, -567337.0335100904, 2859532.0301728062, -387278.53741904045, -308635.0155649025, -748940.7611103475
80, 242, 595, 596, 522, 523, 143:	-128.71015620083486, -114.32236533630245, -106.65010440400687, -102.5055760059723, 698.1696831031809, -99.3029039283771, -146.67857722768724
81, 242, 357, 522, 523, 524, 143:	-90.58890558783409, -137.98726312594889, -142.72850574857733, -99.3029039283771, 706.6569050062327, -95.55438547376791, -140.49494114172734
546, 107, 357, 523, 524, 549, 143:	-142.52168966758677, -107.11461678139193, -139.29050496957595, -95.55438547376791, 729.3319014418094, -93.63764748468292, -151.21305706480382
144, 248, 390, 529, 24, 525, 527:	-451314.5997702499, -647678.2813569005, -651256.5107839587, -409277.8216539521, -225845.56638157956, 2739276.6996249636, -353903.9196783231
144, 529, 528, 393, 73, 379, 526:	-509197.7334410465, -287411.99497371574, -407321.49242322735, -711614.823887795, -294017.2016279302, -559215.405300711, 2768778.6516544255
144, 528, 85, 248, 525, 381, 527:	-618133.5169090941, -379763.2665262382, -524266.1939836957, -424251.60798962123, -353903.9196783231, -389386.2088279234, 2689704.7139148954
528, 112, 144, 379, 381, 526, 527:	2670904.048730861, -472299.6820728393, -544805.8467360459, -434161.1443192045, -432552.6166533058, -407321.49242322735, -379763.2665262382
144, 529, 115, 390, 393, 525, 526:	-664124.9253484694, 2720049.6055852054, -550987.7375654229, -345649.0235108544, -462598.1025327912, -409277.8216539521, -287411.99497371574
145, 530, 532, 533, 378, 382, 21:	-675319.398220165, 2867997.303466346, -287506.7739633382, -307375.10811535397, -641680.5585481387, -631642.7460489516, -324472.7185703986
145, 531, 532, 533, 74, 380, 383:	-692844.1779523059, 2887880.2130329693, -327761.6487195147, -305136.10297939763, -385411.00536618126, -581433.532918699, -595293.7450968707
112, 145, 530, 531, 532, 378, 380:	-531427.3554981115, -847102.5579724039, -287506.7739633382, -327761.6487195147, 2847694.543838829, -434349.28913031484, -419546.91855514573
145, 530, 531, 533, 113, 382, 383:	-850566.4134902395, -307375.10811535397, -305136.10297939763, 2849480.810260722, -534970.983364953, -417958.25959855365, -433473.94271222455
193, 146, 275, 534, 536, 537, 11:	-131296.9535991323, -643771.6319352931, -267995.4654284914, 3257084.481739649, -524903.9856952854, -347094.26519628376, -1342022.179885163
146, 499, 535, 537, 539, 18, 247:	-492794.38763685804, -398708.7553184795, 2818261.5660302234, -553655.533313062, -419630.61958762706, -680840.4423213929, -272631.8278528034
193, 146, 534, 49, 536, 345, 538:	-754617.4552604712, -335827.1877822373, -524903.9856952854, -171115.63041966484, 2912046.5798178017, -668529.2331184183, -457053.08754172485
146, 275, 84, 534, 535, 537, 247:	-362762.75453221507, -801532.162346639, -240657.79609180582, -347094.26519628376, -553655.533313062, 2901273.979021802, -595571.4675417965
536, 146, 501, 104, 345, 538, 539:	-457053.08754172485, -496125.08974178054, -455493.1203054639, -490235.4373214429, -426671.7952831993, 2762886.933407098, -437308.4032134872
146, 499, 501, 535, 138, 539, 538:	-467207.05058282975, -549037.9995194866, -524124.3667574697, -419630.61958762706, -390290.1367996394, 2787598.57646054, -437308.4032134872
147, 564, 422, 10, 540, 542, 559:	-107.03411274761385, -111.92187032902518, -137.0310628199133, -86.55326704927425, 697.8056969914059, -111.77769960681638, -143.4876844387628
544, 147, 86, 439, 447, 541, 543:	-129.32493114773652, -115.92465712479039, -140.20145722223356, -111.8693890769668, -90.87408259814137, 696.7780798735284, -108.58356270365984
544, 449, 147, 422, 122, 540, 542:	-108.6680118700868, -111.1975108502106, -125.04485340429048, -109.80700220019031, -124.00658969613497, -111.77769960681638, 690.5016676277295
563, 147, 439, 564, 541, 126, 543:	-120.00752821702761, -115.70338146333685, -126.3842113302327, -115.32238865106717, -108.58356270365984, -104.65137270894019, 690.6524450742644
544, 449, 147, 128, 541, 542, 447:	691.9378352741921, -128.42500981157755, -108.31817096407485, -108.00415526410976, -129.32493114773652, -108.6680118700868, -109.19755621660664
545, 547, 148, 86, 439, 548, 419:	703.2134972866902, -114.9868172844879, -127.48833251148599, -165.9464531763857, -83.80256629610447, -115.82953738871876, -95.1597906295073
546, 547, 148, 421, 107, 524, 549:	714.9469994553307, -121.6854169857848, -86.72052381597135, -143.397322656421, -82.48499345739155, -142.52168966758677, -138.1370528721752
545, 546, 547, 148, 421, 121, 419:	-114.9868172844879, -121.6854169857848, 712.7574138173161, -88.38467285018065, -151.34652368615005, -78.0713539496935, -158.2826290610192
592, 593, 148, 545, 439, 548, 126:	-119.76664266788136, -167.3988315249222, -80.5802055521537, -115.82953738871876, -155.68344024841502, 716.0222842441489, -76.76362686205778
546, 148, 549, 596, 524, 597, 143:	-138.1370528721752, -111.8135501821238, 721.6297971128487, -103.37922212428856, -93.63764748468292, -125.82457530066304, -148.83774914891512
552, 355, 149, 550, 551, 312, 12:	-82.13975690288702, -134.5146938319657, -193.0524128057871, 727.6760481083252, -75.5495120238402, -139.591363565315, -102.82830897853017
96, 420, 149, 550, 551, 312, 553:	-111.19822230621365, -134.28453562907964, -202.0305447105727, -75.5495120238402, 745.1954484816856, -137.7248922884292, -84.40774152355024
355, 421, 550, 552, 553, 107, 149:	-140.30789829610316, -150.28835867742205, -82.13975690288702, 750.5675485708467, -70.54613358063065, -103.52950784831165, -203.75589326549226
420, 149, 121, 552, 553, 551, 421:	-147.82297646497602, -199.54948083976228, -104.37977001188071, -70.54613358063065, 764.7584819260547, -84.40774152355024, -158.0523795052548
150, 488, 554, 555, 237, 558, 77:	-708563.6250530002, -345330.9345495543, 2857902.078654849, -347615.0496517851, -414201.13718105934, -406155.85748562415, -636035.4747338253
557, 150, 554, 555, 429, 78, 237:	-416450.69045214064, -470065.78661850723, -347615.0496517851, 2901640.1836541635, -678459.8590357958, -246354.9277014347, -742693.8701945001
558, 150, 87, 489, 556, 557, 430:	-443292.31342944084, -587188.8314839243, -457482.07172126387, -438129.6400579616, 2793363.352097705, -331102.9771034951, -536167.5183016192
150, 556, 555, 124, 557, 430, 429:	-654052.0059288776, -331102.9771034951, -416450.69045214064, -581064.6100975423, 2809018.465697545, -437719.1873530762, -388628.9947624136
150, 135, 488, 489, 554, 556, 558:	-497731.3928185166, -391310.6151556596, -548836.2803836663, -516038.8547668909, -406155.85748562415, -443292.31342944084, 2803365.3140397985
560, 192, 564, 151, 10, 540, 559:	-139.44530417298836, -135.57449870146678, -113.66706611760267, -89.77011285869716, -81.89761755420253, -143.4876844387628, 703.8422838437203
560, 48, 258, 561, 151, 192, 559:	710.6035411505603, -167.07866874168363, -129.12255980178537, -71.34957264930264, -140.55905688458017, -63.04837890022005, -139.44530417298836
560, 561, 258, 151, 57, 562, 207:	-71.34957264930264, 708.7185936198427, -172.39630938878668, -118.65370564702013, -114.89157098764642, -155.66336907197444, -75.76406587511248
561, 562, 563, 437, 151, 58, 207:	-155.66336907197444, 699.6673731422416, -102.85295130364887, -150.92258006901727, -94.78140751576055, -94.00885938991769, -101.43820579192283
562, 563, 564, 437, 151, 126, 543:	-102.85295130364887, 692.5581628438265, -107.25375055912514, -123.9561614934583, -127.88975695220805, -110.5980143183586, -120.00752821702761
563, 147, 564, 151, 559, 540, 543:	-107.25375055912514, -118.63520887044089, 690.7026329591122, -123.90234843185118, -113.66706611760267, -111.92187032902518, -115.32238865106717
578, 565, 583, 152, 585, 589, 14:	-259580.44623343184, 2867603.309655467, -473240.2407120471, -599326.4151373317, -434914.5407759547, -342031.8928194914, -758509.7739772102
568, 566, 567, 152, 87, 428, 430:	-403038.5406760672, 2777154.1874751844, -398495.7114553676, -580348.1240922353, -541183.6369026976, -431107.48373339005, -422980.6906154265
566, 567, 152, 428, 123, 588, 589:	-398495.7114553676, 2828303.7196669886, -366399.8099099656, -628659.2298633257, -350945.16217515926, -456327.89974260936, -627475.9065205611
152, 566, 582, 583, 568, 124, 430:	-432652.9951876732, -403038.5406760672, -427445.76732234616, -535150.7030776199, 2768950.9016019027, -420533.0806139569, -550129.814724239
52, 199, 153, 569, 346, 571, 570:	-428114.1347173045, -468455.4815040623, -588238.612098271, 2805127.7517205807, -571727.0926125578, -316124.6342964657, -432467.7964919192
569, 53, 199, 153, 570, 572, 426:	-432467.7964919192, -354697.8089650936, -531170.6777875241, -521859.0489618705, 2807213.956114429, -370009.42448273127, -597009.1994252908
501, 153, 104, 569, 346, 571, 573:	-421549.5138634445, -619815.5199744502, -498033.2034303798, -316124.6342964657, -513113.12633062905, 2795918.935494903, -427282.93759953417
502, 153, 426, 123, 572, 570, 573:	-442015.0682056487, -662854.4255649729, -445871.3947724941, -531707.9537264572, 2833489.154888097, -370009.42448273127, -381030.8881357928
501, 502, 153, 138, 571, 572, 573:	-548165.0813525051, -584127.5116354531, -510977.48544833023, -368844.23317602073, -427282.93759953417, -381030.8881357928, 2820428.1373476363
16, 576, 213, 154, 574, 238, 575:	-273878.0409734722, -390739.58475540846, -683495.5124719962, -473429.17447842815, 2872661.0380018884, -641732.1055257418, -409386.6197968415
580, 213, 584, 154, 61, 574, 575:	-348630.94320546975, -327229.4189013942, -330978.2295104389, -728007.6218070344, -733553.868582801, -409386.6197968415, 2877786.70180398
576, 577, 238, 154, 574, 429, 78:	2853403.883768198, -318378.5019370421, -513978.3329868759, -639792.2739205598, -390739.58475540846, -558116.530341414, -432398.6598268983
576, 577, 582, 584, 154, 124, 429:	-318378.5019370421, 2807296.181853547, -386354.78305488644, -483121.39425511495, -596864.0738094589, -476981.5706028254, -545595.8581942196
578, 579, 565, 583, 155, 210, 14:	2906753.2226603334, -577176.8660097779, -259580.44623343184, -542873.4255443884, -436153.6733814264, -274465.484721136, -816503.3267701732
578, 579, 581, 215, 155, 210, 15:	-577176.8660097779, 3004875.0626047617, -656923.1922705704, -779813.6072709046, -215118.0427226577, -721704.7319897745, -54138.622341076756
580, 581, 214, 584, 155, 61, 575:	2875977.0223061345, -354439.42222105013, -762817.3840287002, -690750.0350543496, -366605.5066563495, -352733.7311402153, -348630.94320546975
579, 580, 581, 214, 215, 155, 62:	-656923.1922705704, -354439.42222105013, 3264491.478911423, -390019.51712681353, 54013.0028648357, -578105.1776421276, -1339017.1725156973
568, 582, 577, 584, 583, 155, 124:	-427445.76732234616, 2769586.7423397694, -386354.78305488644, -525480.6948237533, -474523.3371045447, -436207.0686416305, -519575.09139260807
152, 578, 565, 582, 583, 568, 155:	-371065.84931821947, -542873.4255443884, -473240.2407120471, -474523.3371045447, 2780467.4002491115, -535150.7030776199, -383613.8444922922
577, 580, 582, 584, 154, 155, 575:	-483121.39425511495, -690750.0350543496, -525480.6948237533, 2825931.377726154, -485776.9672564019, -309824.0568260954, -330978.2295104389
565, 585, 202, 587, 156, 589, 14:	-434914.5407759547, 2850928.4532303354, -751486.2161465159, -284778.35049426, -459004.7088034647, -607209.8342552286, -313534.80275491154
427, 54, 588, 586, 587, 156, 255:	-824703.1100428583, -131237.43979518287, -433627.68246170244, 3080035.9946745844, -366219.2009731664, -361871.1074075593, -962377.4539941149
55, 585, 202, 587, 156, 586, 255:	-799318.8197597726, -284778.35049426, -316630.26855554164, 2956997.37727582, -864997.9145791568, -366219.2009731664, -325052.82291392295
427, 567, 156, 586, 123, 588, 589:	-370948.90924771386, -456327.89974260936, -774132.4126778615, -433627.68246170244, -590021.0536345182, 2902292.0529357665, -277234.0951713611
588, 565, 567, 152, 585, 156, 589:	-277234.0951713611, -342031.8928194914, -627475.9065205611, -444465.3840272166, -607209.8342552286, -548444.9307708038, 2846862.0435646623
209, 594, 598, 22, 157, 590, 591:	-74.25049396437271, -130.042176337635, -66.72418505803728, -148.93987078540727, -156.5255877399459, 706.9942847198772, -130.51197083447903
592, 209, 438, 59, 157, 590, 591:	-95.30943661410558, -132.89988408897807, -157.173198876427, -78.8221460555831, -115.14115825000934, -130.51197083447903, 709.8577947195821
592, 593, 548, 438, 157, 126, 591:	727.3340637753165, -86.59545556245084, -119.76664266788136, -107.81265416935311, -183.46617259900827, -134.38370216251735, -95.30943661410558
592, 593, 148, 597, 598, 548, 157:	-86.59545556245084, 728.2304632280336, -82.78101358354319, -151.1413160729386, -121.62338756763738, -167.3988315249222, -118.69045891654137
241, 594, 595, 22, 598, 158, 590:	-143.27318174680806, 696.9323407860593, -97.03951436065633, -88.67812876613101, -118.19919985027931, -119.7001397245494, -130.042176337635
80, 241, 594, 595, 596, 522, 158:	-136.76737624381383, -102.97529569042703, -97.03951436065633, 700.4367873782273, -98.23410693781639, -106.65010440400687, -158.77038974150688
595, 596, 549, 597, 522, 158, 143:	-98.23410693781639, 703.9003658231594, -103.37922212428856, -114.81420505433744, -102.5055760059723, -141.4550733741621, -143.51218232658258
593, 596, 597, 598, 148, 158, 549:	-151.1413160729386, -114.81420505433744, 723.0121845815335, -78.6286688672032, -111.29819874132014, -141.30522054507117, -125.82457530066304
593, 594, 590, 598, 157, 158, 597:	-121.62338756763738, -118.19919985027931, -66.72418505803728, 715.945560559194, -164.40842862719168, -166.36169058884502, -78.6286688672032
240, 599, 120, 250, 413, 414, 159:	-112137.61593410248, 3431541.3925159452, -770883.9187473969, -127244.1899760704, -421681.3045879996, -438571.59972741856, -1561022.7635429571
240, 513, 515, 600, 250, 141, 159:	-319375.31051156943, -595300.32217496, -394510.50719158945, 2961226.104452342, -89067.33397767288, -498358.93477841286, -1064613.6958181374
160, 251, 198, 136, 601, 490, 491:	-330.28418785181304, -12.970571935246888, -77.01474687782249, -160.2177813160968, 809.1267092696087, -81.99834908482103, -146.64107220380845
160, 198, 518, 520, 602, 251, 142:	-1676091.0222007264, -219473.48452266312, -292016.2275549851, -523582.13777275494, 3569712.716297795, -5383.234490812385, -853166.6097558534
161, 115, 231, 392, 393, 603, 252:	-1046237.6146892994, -406921.8201286451, -347211.6853796499, -439353.26326890744, -710144.9978914978, 2991337.8337505776, -41468.45239257792
161, 252, 231, 504, 505, 139, 604:	-309.46940950964233, -51.16065216857948, -60.04131450259009, -97.01546666865414, -106.39742084814075, -166.33576925284575, 790.4200329504525
