0.0
0.0
0.0
0.0
0.0
0.0
0.0
0.0
0.0
0.0
0.0
0.0
0.0
0.0
0.0
0.0
236.8260869565226
182.1739130434774
-182.17391304347746
-236.82608695652257
-2.842170943040401e-14
0.0
0.0
-2.842170943040401e-14
0.0
0.0
0.0
0.0
0.0
0.0
0.0
0.0
0.0
0.0
0.0
0.0
0.0
0.0
0.0
0.0
0.0
0.0
0.0
0.0
0.0
0.0
0.0
0.0
0.0
0.0
0.0
0.0
0.0
0.0
0.0
0.0
0.0
0.0
0.0
0.0
0.0
0.0
0.0
0.0
0.0
419.0
0.0
-2.842170943040401e-14
-419.0
0.0
0.0
3.552713678800501e-14
4.263256414560601e-14
4.263256414560601e-14
2.842170943040401e-14
2.5757174171303632e-14
0.0
0.0
-1.4210854715202004e-14
0.0
0.0
0.0
-1.2434497875801753e-14
0.0
3.552713678800501e-15
0.0
0.0
0.0
0.0
0.0
0.0
0.0
0.0
0.0
0.0
0.0
0.0
0.0
0.0
0.0
0.0
0.0
0.0
0.0
0.0
0.0
0.0
0.0
0.0
0.0
0.0
-7.105427357601002e-15
1.0658141036401503e-14
-2.842170943040401e-14
-2.842170943040401e-14
2.1316282072803006e-14
5.684341886080802e-14
0.0
0.0
0.0
0.0
0.0
0.0
0.0
0.0
0.0
0.0
0.0
0.0
0.0
0.0
0.0
0.0
0.0
0.0
0.0
0.0
0.0
0.0
0.0
0.0
0.0
0.0
2.842170943040401e-14
0.0
0.0
0.0
0.0
0.0
0.0
0.0
0.0
0.0
0.0
0.0
0.0
0.0
0.0
-1.4210854715202004e-14
0.0
2.842170943040401e-14
0.0
0.0
0.0
0.0
0.0
0.0
0.0
0.0
0.0
0.0
0.0
0.0
0.0
0.0
0.0
0.0
0.0
0.0
0.0
0.0
0.0
0.0
0.0
0.0
0.0
0.0
0.0
0.0
0.0
0.0
0.0
0.0
0.0
0.0
0.0
0.0
0.0
0.0
0.0
0.0
0.0
0.0
0.0
0.0
0.0
0.0
0.0
0.0
0.0
0.0
0.0
0.0
0.0
0.0
0.0
0.0
0.0
0.0
473.65217391304554
364.34782608695446
-2.4868995751603507e-14
8.881784197001252e-15
-5.329070518200751e-15
-473.65217391304554
-364.3478260869545
0.0
0.0
0.0
3.552713678800501e-14
7.105427357601002e-15
7.993605777301127e-15
-3.552713678800501e-15
2.842170943040401e-14
2.042810365310288e-14
0.0
0.0
0.0
-7.105427357601002e-15
-2.842170943040401e-14
0.0
0.0
0.0
0.0
-1.4210854715202004e-14
-2.4424906541753444e-14
-3.552713678800501e-14
-1.687538997430238e-14
-2.842170943040401e-14
-7.105427357601002e-15
0.0
1.4210854715202004e-14
0.0
0.0
0.0
0.0
0.0
0.0
0.0
0.0
0.0
0.0
0.0
0.0
0.0
-2.842170943040401e-14
0.0
0.0
0.0
0.0
0.0
0.0
0.0
0.0
0.0
0.0
0.0
0.0
0.0
0.0
0.0
0.0
0.0
0.0
0.0
0.0
0.0
0.0
0.0
0.0
0.0
0.0
0.0
0.0
0.0
0.0
0.0
0.0
0.0
0.0
0.0
0.0
0.0
0.0
0.0
0.0
0.0
0.0
0.0
0.0
0.0
0.0
0.0
0.0
0.0
0.0
0.0
0.0
0.0
0.0
0.0
0.0
0.0
0.0
0.0
0.0
0.0
0.0
0.0
0.0
0.0
0.0
0.0
0.0
0.0
0.0
0.0
0.0
0.0
0.0
0.0
0.0
0.0
0.0
0.0
0.0
0.0
0.0
0.0
0.0
0.0
0.0
0.0
0.0
0.0
0.0
0.0
0.0
0.0
0.0
0.0
0.0
0.0
0.0
0.0
0.0
0.0
0.0
0.0
0.0
0.0
0.0
0.0
0.0
0.0
0.0
0.0
-5.684341886080802e-14
2.842170943040401e-14
-2.842170943040401e-14
0.0
2.842170943040401e-14
-2.842170943040401e-14
5.684341886080802e-14
0.0
0.0
5.684341886080802e-14
0.0
-2.842170943040401e-14
-2.842170943040401e-14
0.0
0.0
-7.105427357601002e-14
0.0
2.842170943040401e-14
0.0
-1.4210854715202004e-14
2.842170943040401e-14
-4.263256414560601e-14
2.842170943040401e-14
2.4868995751603507e-14
0.0
0.0
2.842170943040401e-14
-4.1744385725905886e-14
0.0
0.0
0.0
0.0
0.0
0.0
0.0
0.0
0.0
0.0
0.0
0.0
0.0
0.0
0.0
0.0
0.0
0.0
0.0
0.0
0.0
0.0
0.0
0.0
0.0
0.0
0.0
0.0
0.0
0.0
0.0
0.0
0.0
0.0
0.0
0.0
0.0
0.0
0.0
0.0
0.0
0.0
0.0
0.0
0.0
0.0
0.0
0.0
0.0
0.0
0.0
0.0
0.0
0.0
0.0
0.0
0.0
0.0
0.0
0.0
0.0
0.0
0.0
0.0
0.0
0.0
0.0
0.0
0.0
0.0
0.0
0.0
0.0
0.0
0.0
0.0
0.0
0.0
0.0
0.0
0.0
0.0
0.0
0.0
0.0
0.0
0.0
0.0
0.0
0.0
0.0
0.0
0.0
0.0
0.0
0.0
0.0
0.0
0.0
0.0
0.0
0.0
0.0
0.0
0.0
0.0
0.0
2.842170943040401e-14
2.842170943040401e-14
-4.263256414560601e-14
0.0
-4.263256414560601e-14
0.0
0.0
0.0
0.0
0.0
0.0
0.0
2.842170943040401e-14
0.0
2.842170943040401e-14
4.263256414560601e-14
-1.0658141036401503e-14
0.0
2.842170943040401e-14
-1.4210854715202004e-14
3.552713678800501e-14
0.0
0.0
0.0
0.0
0.0
0.0
0.0
0.0
0.0
0.0
0.0
0.0
0.0
0.0
0.0
0.0
0.0
0.0
0.0
0.0
0.0
0.0
0.0
0.0
0.0
0.0
0.0
0.0
0.0
0.0
0.0
0.0
0.0
0.0
0.0
0.0
0.0
0.0
0.0
0.0
0.0
0.0
0.0
0.0
0.0
0.0
0.0
0.0
0.0
0.0
0.0
0.0
0.0
0.0
0.0
0.0
0.0
0.0
0.0
0.0
0.0
0.0
0.0
0.0
0.0
0.0
0.0
0.0
0.0
0.0
0.0
