0.0
0.0
0.0
0.0
-0.003719850044261598
-0.0037022787287814066
-0.003629210609737742
-0.0034981943502245985
-0.002547900951756279
-0.003040624930268645
0.00237050070063498
0.0026675725201696877
0.002833073703629536
0.0028706998843829206
0.0028833656632872083
0.002904534067006988
0.003219912627096861
0.0028981546533501015
-0.003713339925197921
-0.004094213615883961
-0.0005440973512784043
-4.777498519494568e-06
0.001255283660600078
-0.0023370645284318367
0.0
0.0
0.0
0.0
0.0
0.0
0.0
0.0
0.0
0.0
0.0
0.0
0.0
0.0
0.0
0.0
0.0
0.0
0.0
-0.001866046581152547
-0.003712000029972444
-0.0028041344709844904
-0.0015392593197563274
-0.00293638148413043
0.002615139031213997
-0.003396178944939519
-0.0031680152080881528
0.0027269855977197894
0.002793651274855758
0.002824664172060331
0.0028422609691259432
-0.0036921661279970563
-0.0018912692922049485
-0.0011887791189000635
-0.0005163856329375342
0.001526739951028448
0.002898183566780729
0.0028877602353821106
0.0027996787911001722
0.002539445469626368
0.0015782725372000888
0.0031481084576013437
-0.0031769912731026283
-0.0027241511787545352
-0.004009153921501133
-0.0037357257276292785
-0.0038185753459576604
-0.0028613536877136123
-0.0017140305994317452
-0.0005343950797985152
0.0006658299051020282
0.0018884996230934818
0.002988346410206296
0.0029192865582240686
0.00035790396480144774
0.0005043922022555809
0.00116262388073686
0.0018179408525118544
0.0017000710892210698
0.0022561886387162428
-0.0014502904968447248
-0.00028093021789370745
0.002889161209251947
-0.0006875679549966795
0.00014172436186807338
-0.0018112118050176234
0.0006919497923022214
-0.0009086964328093403
-0.0014336466759793487
0.0014664994593184427
0.0014760423677661336
0.0010744304899731854
-0.0017313664379527381
-0.001638545856740506
-0.0033394040523922496
0.0017899453540912785
-0.0019307931981450872
0.001252994104889933
-0.0037197037893220053
0.002697719818660627
-0.0023296477005097654
-0.003499137312275474
0.001350896804541874
0.0011651736900105231
0.0009941427878269547
-0.0014626454925608775
-0.001107440668365627
-0.0010982166592607594
2.4075099414690543e-05
0.001424921615869938
-0.002413318574297167
-0.0032018621738640054
0.0022568298440289705
-0.003078539631943092
0.0022263305068409424
0.0008182423429809348
0.0004305035728639839
-0.0009187206095032864
0.002825799996453264
0.0029037814216939313
0.001302928291342993
-0.0006899551827534775
-0.003621998437493817
-0.0003143202211519864
-0.003716919432511058
-0.0032615829785093767
-0.003837115494082119
-0.003020640247685304
-0.0019053079364332467
0.0019751626794654916
0.0029886016604487513
0.0020495167432703198
0.0016486763676653825
0.002806586530992604
-0.0017261028436594136
0.0008023987619874413
0.0007529470194787614
0.00267805072780409
0.0006903833795560999
-0.0017876569140253585
-0.0005369042506619173
0.002600669868170104
-0.0011008715805329039
0.00022843260353313686
0.0013297822882689962
0.002937512090934128
-0.001780481305012597
0.0028712902922388797
0.0027678241019634306
0.0029033585111887046
0.0028884119316384426
0.002845429782076239
-0.00014354524570300516
0.0002581986187829543
0.0008074470848547834
0.0026852044912146398
-0.0022900798216020425
0.0
0.0
0.0
0.0
0.0
0.0
0.0
0.0
0.0
0.0
0.0
0.0
0.0
0.0
0.0
0.0
0.0
0.0
0.0
0.0
0.0
-0.0009338736027164666
-0.0027951187601145066
-0.0037177587073243586
-0.0037056543455318146
-0.0032819287591731557
-0.002223904021863515
-0.0007853731181306391
-0.003527273107249825
-0.002805895522224642
-0.0030187311063113085
0.002549258341793025
0.002656667664223416
-0.003474275752178199
-0.003289518419954872
-0.003077914357743946
0.0026719385034836025
0.002763788010884089
0.0028122469288005235
0.002831059108640043
0.002853189006876385
0.002835637797506095
-0.0036999987878836415
-0.003674729047440028
-0.0021924022342612527
-0.0015327173668584803
-0.0008510456788212578
-0.00026021613054001355
0.002881073094992917
0.0007641456704713032
0.002217446252691508
0.00290307533874095
0.002892990781414487
0.0028845886810450606
0.002844475419608284
0.0027103324828843885
0.0021360065772852645
0.0007975475680910586
0.003204311152518533
0.003061367981167919
-0.0034540978263912247
-0.002954829793529064
-0.002536573792675958
-0.004075885010722321
-0.0039058183750901873
-0.003723183331017581
-0.0037634021139591766
-0.003919943265173281
-0.0034499629717955433
-0.0025754102320619293
-0.001128183417789492
6.395549343329019e-05
0.0012720680680298262
0.0025291275827207804
0.003073070804246443
0.002942637111363754
0.00290776679191078
-9.261764656377653e-05
0.00058282329159444
0.00025007677216155525
0.0008341172302996342
0.0014901342210222495
0.002075098761979685
0.0014784995523203504
0.0019835113224100013
0.0025880560732775277
-0.001902319736100519
-0.0009966361408942875
0.001031662903214839
0.0027046746196890794
-0.002003343852467357
-0.0002223259842035916
-0.0023847645395093323
0.002834846885992917
-0.0037052645253920716
-0.002070775478944968
-0.002347170125219078
-0.0009036220006462819
-0.0005496496010707886
0.0028458043513507726
0.002802484363309237
0.0026196185309535344
0.0027332998026430217
-0.002622928035477145
-0.003544599088482626
-0.002688929867714366
0.0021263901468103565
0.00011830021159350181
0.00042267130908742753
0.0012224101648568696
0.002136227731562704
0.0014664281728855688
0.001747029264272757
0.0022760487519251703
0.0026607172601725397
0.002025352509438896
-0.001690597824704821
-0.0012933818886861337
-0.00037701822721129623
-0.00022742628826976654
-0.0011795922821533514
-0.0006669110649678948
-4.138773007252119e-05
0.00014192901613035517
-0.00015091570591259498
0.0003368797536841967
-0.0002745181673620881
-0.0008693503546453189
-0.000921865594425942
-0.002689567025635245
-0.0028153563911046705
0.0002892644355633344
0.00043858781951338017
0.0011910920671573842
0.0004368252056799144
-0.0006389200891923888
-0.00046926532650399774
-0.0008343066543133777
-0.0021105152983749414
-0.000660572628873054
-0.0007458523441007291
-0.0022907703775378093
0.000658817486395497
0.0007753808291348642
0.002163974591548369
0.0022274334623398795
0.0008146133740881888
0.0007109180564098337
0.0022508157919417064
0.002127350649943371
0.0017281833039032891
0.0005496068789896573
0.0004462389658526875
-0.002753356738875017
-0.0008346868790172521
-0.0007507247356757189
-0.0026051781567300635
-0.0007984162894651373
-0.000830158675208553
-0.002512941064022208
-0.0024123517861112144
-0.0015565666610903644
-0.001698097214669505
-0.003440172914309009
-0.0033617001977318396
-0.003240693257311072
0.0023475081784800254
0.0010903217710787473
0.0023433254041676493
0.0016239230842131636
-0.0029458960378844377
-0.000949347346986138
-0.0009729315680785454
-0.0028934116442918324
-0.0018895376052211553
0.0007204178119116427
0.000613254981151578
0.0019110943062014532
0.0011423870939472074
-0.003666449077115832
-0.003692609379914798
-0.0037406956056755167
-0.0037745824884251426
0.002647073770300707
0.002716409531972011
-0.0028449476747466522
-0.0025329270162364613
-0.0019302061886304757
-0.002113901567078525
-0.0035515875967898716
-0.003499809595065432
-0.0034487077296375085
-0.003450945922925466
0.001947354940977636
0.002058571554060204
0.0012592711293518259
0.001695214460447901
0.0006548954547471123
0.0006447414452244983
0.0013476437103184763
0.001838043915805536
0.0013290926550984402
0.0005916751647632218
0.0005661085997479236
0.001192201936785462
0.001153234115763126
-0.0008161014307758524
-0.0008046102265405461
-0.0016845112551567391
-0.002324430783468301
-0.0016648521066160965
-0.0006317580601232744
-0.0006326789208172466
-0.001276859419366136
-0.0013319949054299391
-0.001677062175623148
-0.0008639184305603656
-0.0013430807958862
-0.0008976963417326197
-0.0012567265870835442
-0.000218635064290307
-0.00017038470489506545
0.00028505257558051017
0.00016511829329123493
0.0013109296302701112
0.001125160252642438
0.0016102464376859102
0.0016139203893518203
-0.00232799264045383
-0.0026220380623784337
-0.002683543471027272
-0.0020440963778764676
-0.003579286726199578
-0.003223810195910644
-0.0029199355423015086
-0.003596992678694035
-0.003097263437441776
-0.002821579406992828
0.002667258425094997
0.002698414569316087
0.00212802655790363
0.0019440559243419635
0.002294243825188311
0.0018287484056072622
-0.003052008771512937
-0.0029994939158255653
-0.0031275135427568713
-0.0031736666454486562
0.002429602087461932
0.002330174107152336
0.002022379648899928
0.0010160516630809784
0.0006141259111003305
0.0006917876875079398
0.0009574649673014476
0.0003030691931148904
0.00010064320617875813
3.07084044456151e-05
0.0007606590376908768
0.0008647648261947042
-0.0016705047050821127
-0.0003777621482761794
-0.0005324094262295467
-0.001223724151467343
0.002803518744581838
0.0028217975731390523
0.002854489461509983
0.0029153752283459476
0.0028998157449836295
0.002130364575276855
0.0005983402486478515
0.0007685811199422826
0.0016921903593422676
0.0009947616809353574
0.001567497498297859
-0.0010085447725261985
-0.000624559333068136
-0.0004658611374160116
-0.0036174708153240125
-0.0036383076368159666
-0.0035063470339031233
-0.0036869099335890216
-0.003542628626746461
-7.394455446819477e-05
-0.00022367623760236255
-0.00030938515100621835
-2.6190590154882643e-05
-0.0006006751135960108
-0.0037197517730630726
-0.0037134940279645863
-0.003705810680510039
-0.0037260779265311395
-0.003717516107399424
-0.0034141554109737874
-0.0034955091905061637
-0.0032426005577994984
-0.0030274865104572665
-0.003539632930242541
-0.0028705798073611374
-0.003797062017183124
-0.00395131832338825
-0.003936876744367117
-0.0038431288568836755
-0.003763310395668091
-0.003725863771815155
-0.0027690834356949544
-0.0033056958337625386
-0.0029087645643627513
-0.0031220881143871645
-0.0028640385260212103
-0.0032192649840888476
-0.0030578153125894987
-0.002788839675768788
-0.0011170425078526644
-0.002511977362759476
-0.0012849395156617172
-0.0019336501806145046
0.0024258225661519463
0.002341810836229314
0.0017246981634318603
0.0017709862699958766
0.0014679988809159614
0.002129644020722839
0.003094676588767884
0.0029631361399326873
0.0030804973137532558
0.00300967586705782
0.0029180193600046654
0.002194638381913455
0.0022575476502265644
0.0016456187701832199
0.00170938581674125
0.0010159949471524672
0.0021052488152440213
0.0021659574220638
0.001535312024085694
0.0014379568832608774
0.0028325880372771857
0.0028645253761595915
0.0027345401680438862
0.0028202095726451533
0.0028956220295230845
-0.0022621633927806008
-0.0016567983277305414
-0.0012272828832376008
-0.001301788861252451
-0.0018302796045759858
0.0007803989875243434
0.0011097626021960314
0.000543071719666923
0.000791427824828543
0.0010333981540404157
0.00071702002772432
0.0005095747814063594
0.0004098283937712304
0.001060733212401837
0.0026686197269556572
0.0026581013615546885
0.0026988926583456905
0.002682855596517946
0.0006289072299113358
0.0009148925374226633
0.0009095916174668746
-0.0020105684515270635
-0.0017384906297677994
-0.0016490546986766398
-0.0014802861171521076
-0.002055015492864413
-0.0005393688132917717
-0.0005353054667815822
-0.0007447527066078431
-0.0003292390922550101
0.002461677437307443
0.002699350999130661
0.0025837400963066425
0.0024820265070069985
0.0026640263138257574
0.0027251425054463717
-0.0017536659661948422
-0.0006261312673413555
-0.0011167062957288243
-0.0009380723759589498
-0.0006741107482112411
-5.0601933979036504e-05
0.0007073027454525776
0.0003785152759334989
-0.00022008815924147307
0.0005410917467946645
0.001706474039277029
0.0012632298569602467
0.00136495859417854
0.000996828671119711
0.002960215789446877
0.002932124019562141
0.002919958774253511
0.0029187300997015374
0.0029556970104372584
-0.0022319063381895997
-0.0023651318665707517
-0.0018945301267653252
-0.0014429685161538711
-0.001229797567618839
-0.0015075328572646638
0.002869424474831968
0.0028764885644846456
0.0028540154730902234
0.002888236723711366
0.002748976783496359
0.002778606035997396
0.0027401165664842683
0.002795101271479263
0.0027767612166309597
0.002904770564548568
0.002900477210334191
0.002909200079382942
0.00290417019613687
0.00287892088488114
0.0028837570130822478
0.0028945103019712764
0.0028884803320145553
0.002894113670970557
0.0028819815467222786
0.0028976392635737553
0.0028559753857253685
0.0028338166865483376
0.0028438180574155356
0.0028390301522767413
0.002855868491162174
-8.86147373953623e-05
-0.0003293792775470114
-0.00033857801823785754
-2.444839015763218e-05
0.00014178221751607434
0.00037331615311858205
0.00045730268856152234
0.00025447527452574853
6.597661559518291e-05
0.0008117724730619852
0.0007865318996864965
0.002431158635363845
0.0026833594651942383
-0.0023353818660837734
-0.002085839839067001
